1.157147	0.284289	0.276100	0.371037	0.288416	0.355890	0.280424	0.285951	0.281997	0.362117	0.371314	0.289658	0.372263	0.286408	0.356864	0.346803	-0.075228	-0.081456	-0.080657	-0.075573	-0.079724	-0.086828	-0.085202	-0.088394	-0.076230	-0.085967	-0.239441	-0.245846	-0.249252	-0.243616	-0.243559	-0.250082	-0.249080	-0.244173	-0.267834	-0.272258	-0.264263	-0.268487	-0.266953	-0.271354	-0.270315	-0.264577	-0.263583	-0.270632	-0.272023	-0.272216	
0.284289	1.286162	0.310059	0.295178	0.327755	0.292503	0.310475	0.321760	0.325655	0.284331	0.270287	0.319288	0.292113	0.292180	0.292709	0.291974	-0.074943	-0.078041	-0.071597	-0.061285	-0.074904	-0.087130	-0.088972	-0.079700	-0.069825	-0.083134	-0.236040	-0.240355	-0.237448	-0.241662	-0.231895	-0.246095	-0.248295	-0.238687	-0.263302	-0.272319	-0.265676	-0.271006	-0.265079	-0.261005	-0.266136	-0.274275	-0.266431	-0.270287	-0.259727	-0.266039	
0.276100	0.310059	1.253138	0.294211	0.319809	0.257863	0.349732	0.322562	0.312513	0.304563	0.292979	0.318074	0.289182	0.342015	0.284690	0.287339	-0.075143	-0.076044	-0.077244	-0.071216	-0.081159	-0.080379	-0.080606	-0.078505	-0.070518	-0.078541	-0.240923	-0.251335	-0.248315	-0.239140	-0.244845	-0.237321	-0.247917	-0.243532	-0.266796	-0.271764	-0.263924	-0.261725	-0.268630	-0.269364	-0.269637	-0.269420	-0.264908	-0.267003	-0.268352	-0.262558	
0.371037	0.295178	0.294211	1.123927	0.278365	0.317433	0.297979	0.279191	0.278136	0.373296	0.353694	0.289083	0.360732	0.276958	0.362655	0.347516	-0.074102	-0.074737	-0.073394	-0.077085	-0.068762	-0.066927	-0.077801	-0.075636	-0.072110	-0.076833	-0.242956	-0.246424	-0.243986	-0.242867	-0.249140	-0.243913	-0.244496	-0.240046	-0.274025	-0.274351	-0.263130	-0.271456	-0.275519	-0.272393	-0.267493	-0.259012	-0.272614	-0.269887	-0.271999	-0.271233	
0.288416	0.327755	0.319809	0.278365	1.269197	0.239635	0.305756	0.339623	0.299663	0.280911	0.288605	0.338897	0.272177	0.322617	0.268930	0.267159	-0.076569	-0.075886	-0.079556	-0.072014	-0.083299	-0.085576	-0.081047	-0.082652	-0.071775	-0.076788	-0.236199	-0.233768	-0.238323	-0.232052	-0.237785	-0.239140	-0.243753	-0.236247	-0.257378	-0.266012	-0.260618	-0.261746	-0.262117	-0.263066	-0.269828	-0.262373	-0.262714	-0.264974	-0.263744	-0.260081	
0.355890	0.292503	0.257863	0.317433	0.239635	1.100432	0.269291	0.274672	0.255697	0.312959	0.315911	0.282455	0.323908	0.270890	0.328943	0.329932	-0.072798	-0.073257	-0.085208	-0.071028	-0.083213	-0.072971	-0.081149	-0.085918	-0.082125	-0.079373	-0.222865	-0.230450	-0.225303	-0.238324	-0.230866	-0.229038	-0.239212	-0.231160	-0.261293	-0.269143	-0.263238	-0.249969	-0.258938	-0.260899	-0.257850	-0.262787	-0.255964	-0.249583	-0.260151	-0.253968	
0.280424	0.310475	0.349732	0.297979	0.305756	0.269291	1.331490	0.350927	0.313460	0.274904	0.295593	0.340857	0.275686	0.324749	0.279232	0.274862	-0.077773	-0.079227	-0.076186	-0.077494	-0.084992	-0.082382	-0.082872	-0.080560	-0.072411	-0.082288	-0.245506	-0.246358	-0.243199	-0.234922	-0.247955	-0.247000	-0.247220	-0.239824	-0.267551	-0.269849	-0.266761	-0.262672	-0.268331	-0.267274	-0.265001	-0.265863	-0.274080	-0.263380	-0.259235	-0.266274	
0.285951	0.321760	0.322562	0.279191	0.339623	0.274672	0.350927	1.288654	0.351135	0.300007	0.286694	0.325732	0.283376	0.343881	0.288440	0.281030	-0.079311	-0.083783	-0.078342	-0.066194	-0.087158	-0.088965	-0.085731	-0.075977	-0.080494	-0.082871	-0.245618	-0.245359	-0.245208	-0.244848	-0.249713	-0.247209	-0.243921	-0.244248	-0.268097	-0.269242	-0.268584	-0.265651	-0.264698	-0.270562	-0.269200	-0.267050	-0.272445	-0.264582	-0.269771	-0.269160	
0.281997	0.325655	0.312513	0.278136	0.299663	0.255697	0.313460	0.351135	1.240589	0.266435	0.264641	0.311973	0.271417	0.321077	0.266761	0.267975	-0.083597	-0.081299	-0.073827	-0.070763	-0.079252	-0.081760	-0.084779	-0.080511	-0.068629	-0.076520	-0.230653	-0.229841	-0.237316	-0.229091	-0.233940	-0.233004	-0.239945	-0.235770	-0.260791	-0.255267	-0.253734	-0.259843	-0.258946	-0.256612	-0.249575	-0.253316	-0.260930	-0.259513	-0.259450	-0.261321	
0.362117	0.284331	0.304563	0.373296	0.280911	0.312959	0.274904	0.300007	0.266435	1.173886	0.374007	0.267890	0.373019	0.263793	0.365630	0.350527	-0.081579	-0.084313	-0.074575	-0.071442	-0.078122	-0.079377	-0.080221	-0.081982	-0.076348	-0.080611	-0.239205	-0.244360	-0.243540	-0.249027	-0.245092	-0.251637	-0.252460	-0.243186	-0.273529	-0.278368	-0.261809	-0.270384	-0.267037	-0.271631	-0.270255	-0.270551	-0.271309	-0.270198	-0.276861	-0.270528	
0.371314	0.270287	0.292979	0.353694	0.288605	0.315911	0.295593	0.286694	0.264641	0.374007	1.126370	0.285091	0.372234	0.276191	0.354861	0.346468	-0.076885	-0.081476	-0.070784	-0.075248	-0.080396	-0.086610	-0.088400	-0.087499	-0.062494	-0.087217	-0.241534	-0.242465	-0.243324	-0.238295	-0.251933	-0.250232	-0.250752	-0.238106	-0.269515	-0.277065	-0.271253	-0.268663	-0.269999	-0.266662	-0.269726	-0.266737	-0.267794	-0.262304	-0.266990	-0.264540	
0.289658	0.319288	0.318074	0.289083	0.338897	0.282455	0.340857	0.325732	0.311973	0.267890	0.285091	1.277954	0.274608	0.320548	0.300398	0.284037	-0.081888	-0.080697	-0.079170	-0.071516	-0.081919	-0.087234	-0.085658	-0.087097	-0.073664	-0.084091	-0.229168	-0.245451	-0.236791	-0.243187	-0.237101	-0.242416	-0.243844	-0.237273	-0.265103	-0.269122	-0.266967	-0.263502	-0.263230	-0.270770	-0.263829	-0.260796	-0.268832	-0.259301	-0.264540	-0.267066	
0.372263	0.292113	0.289182	0.360732	0.272177	0.323908	0.275686	0.283376	0.271417	0.373019	0.372234	0.274608	1.160754	0.276330	0.378934	0.367211	-0.079022	-0.081718	-0.077083	-0.067520	-0.081481	-0.105024	-0.087827	-0.086604	-0.075410	-0.084848	-0.233913	-0.244916	-0.247417	-0.244634	-0.246414	-0.251525	-0.253804	-0.241522	-0.268300	-0.271183	-0.265192	-0.272022	-0.262350	-0.271668	-0.268915	-0.271821	-0.268416	-0.272423	-0.270012	-0.265887	
0.286408	0.292180	0.342015	0.276958	0.322617	0.270890	0.324749	0.343881	0.321077	0.263793	0.276191	0.320548	0.276330	1.278221	0.259292	0.261325	-0.075285	-0.076806	-0.078355	-0.071499	-0.072777	-0.070199	-0.078027	-0.070514	-0.060524	-0.075900	-0.236481	-0.244271	-0.240441	-0.235764	-0.240298	-0.239692	-0.235449	-0.245552	-0.265800	-0.263911	-0.260892	-0.264337	-0.265664	-0.266393	-0.261459	-0.253225	-0.266470	-0.265189	-0.258584	-0.262940	
0.356864	0.292709	0.284690	0.362655	0.268930	0.328943	0.279232	0.288440	0.266761	0.365630	0.354861	0.300398	0.378934	0.259292	1.143809	0.347162	-0.080686	-0.083202	-0.084098	-0.071587	-0.087218	-0.105224	-0.083077	-0.087298	-0.077702	-0.086892	-0.232417	-0.244284	-0.244569	-0.236686	-0.246413	-0.243274	-0.242739	-0.236425	-0.268148	-0.264185	-0.262077	-0.262798	-0.264852	-0.264795	-0.258452	-0.262717	-0.267159	-0.265791	-0.263040	-0.268442	
0.346803	0.291974	0.287339	0.347516	0.267159	0.329932	0.274862	0.281030	0.267975	0.350527	0.346468	0.284037	0.367211	0.261325	0.347162	1.169011	-0.072296	-0.086321	-0.073649	-0.066667	-0.078568	-0.091913	-0.082208	-0.082643	-0.068854	-0.082291	-0.233458	-0.245323	-0.241826	-0.238789	-0.251169	-0.241872	-0.242024	-0.242321	-0.268377	-0.267708	-0.260653	-0.255213	-0.263294	-0.264733	-0.266762	-0.248508	-0.267983	-0.263404	-0.264185	-0.263840	
-0.075228	-0.074943	-0.075143	-0.074102	-0.076569	-0.072798	-0.077773	-0.079311	-0.083597	-0.081579	-0.076885	-0.081888	-0.079022	-0.075285	-0.080686	-0.072296	1.039894	0.617778	0.612609	0.583596	0.607500	0.542055	0.629616	0.632770	0.592243	0.633367	-0.249772	-0.258183	-0.254796	-0.251576	-0.253895	-0.256321	-0.251042	-0.251211	-0.278346	-0.278668	-0.278105	-0.276022	-0.281205	-0.279384	-0.268755	-0.263762	-0.278572	-0.275380	-0.274180	-0.277548	
-0.081456	-0.078041	-0.076044	-0.074737	-0.075886	-0.073257	-0.079227	-0.083783	-0.081299	-0.084313	-0.081476	-0.080697	-0.081718	-0.076806	-0.083202	-0.086321	0.617778	1.070333	0.602908	0.577723	0.628134	0.557988	0.632516	0.631527	0.622000	0.609480	-0.249834	-0.251400	-0.251763	-0.247968	-0.248632	-0.255522	-0.258220	-0.252313	-0.279041	-0.281138	-0.273606	-0.279129	-0.277854	-0.277141	-0.279211	-0.276218	-0.283838	-0.275273	-0.277605	-0.276332	
-0.080657	-0.071597	-0.077244	-0.073394	-0.079556	-0.085208	-0.076186	-0.078342	-0.073827	-0.074575	-0.070784	-0.079170	-0.077083	-0.078355	-0.084098	-0.073649	0.612609	0.602908	1.066479	0.600611	0.612999	0.586492	0.601617	0.629312	0.601716	0.606967	-0.249124	-0.257113	-0.252388	-0.249616	-0.253773	-0.260042	-0.257938	-0.256448	-0.278925	-0.275725	-0.277508	-0.281823	-0.275629	-0.276468	-0.275754	-0.267525	-0.282498	-0.273292	-0.275691	-0.276504	
-0.075573	-0.061285	-0.071216	-0.077085	-0.072014	-0.071028	-0.077494	-0.066194	-0.070763	-0.071442	-0.075248	-0.071516	-0.067520	-0.071499	-0.071587	-0.066667	0.583596	0.577723	0.600611	1.039068	0.591284	0.492796	0.607924	0.583577	0.596867	0.592891	-0.244030	-0.251982	-0.247905	-0.253462	-0.253801	-0.257581	-0.252947	-0.249992	-0.270419	-0.283070	-0.267001	-0.273898	-0.274314	-0.277220	-0.269297	-0.261857	-0.272272	-0.269002	-0.276682	-0.275616	
-0.079724	-0.074904	-0.081159	-0.068762	-0.083299	-0.083213	-0.084992	-0.087158	-0.079252	-0.078122	-0.080396	-0.081919	-0.081481	-0.072777	-0.087218	-0.078568	0.607500	0.628134	0.612999	0.591284	1.083760	0.553220	0.602633	0.630795	0.613821	0.622422	-0.254233	-0.253791	-0.252692	-0.248053	-0.248742	-0.259055	-0.258781	-0.253349	-0.273008	-0.276491	-0.279845	-0.282149	-0.278660	-0.280165	-0.279950	-0.274050	-0.280949	-0.275106	-0.277449	-0.279249	
-0.086828	-0.087130	-0.080379	-0.066927	-0.085576	-0.072971	-0.082382	-0.088965	-0.081760	-0.079377	-0.086610	-0.087234	-0.105024	-0.070199	-0.105224	-0.091913	0.542055	0.557988	0.586492	0.492796	0.553220	1.164401	0.556185	0.595526	0.513266	0.560063	-0.238803	-0.250341	-0.239432	-0.231472	-0.241723	-0.242864	-0.244182	-0.242526	-0.264598	-0.263912	-0.264193	-0.271186	-0.271077	-0.270949	-0.261717	-0.251612	-0.250796	-0.262949	-0.260352	-0.267343	
-0.085202	-0.088972	-0.080606	-0.077801	-0.081047	-0.081149	-0.082872	-0.085731	-0.084779	-0.080221	-0.088400	-0.085658	-0.087827	-0.078027	-0.083077	-0.082208	0.629616	0.632516	0.601617	0.607924	0.602633	0.556185	1.101639	0.639619	0.625470	0.631696	-0.254413	-0.257112	-0.257606	-0.254057	-0.261964	-0.261903	-0.250997	-0.253324	-0.280719	-0.278566	-0.275041	-0.282520	-0.285407	-0.287595	-0.272895	-0.267517	-0.282532	-0.281963	-0.281359	-0.280750	
-0.088394	-0.079700	-0.078505	-0.075636	-0.082652	-0.085918	-0.080560	-0.075977	-0.080511	-0.081982	-0.087499	-0.087097	-0.086604	-0.070514	-0.087298	-0.082643	0.632770	0.631527	0.629312	0.583577	0.630795	0.595526	0.639619	1.126902	0.606871	0.636989	-0.259900	-0.257322	-0.259203	-0.256068	-0.255966	-0.262547	-0.256408	-0.260619	-0.284538	-0.279986	-0.287172	-0.285922	-0.282511	-0.285379	-0.279324	-0.270710	-0.291312	-0.281224	-0.283281	-0.284194	
-0.076230	-0.069825	-0.070518	-0.072110	-0.071775	-0.082125	-0.072411	-0.080494	-0.068629	-0.076348	-0.062494	-0.073664	-0.075410	-0.060524	-0.077702	-0.068854	0.592243	0.622000	0.601716	0.596867	0.613821	0.513266	0.625470	0.606871	1.046775	0.597609	-0.252349	-0.259782	-0.252741	-0.256990	-0.256018	-0.255796	-0.255484	-0.259012	-0.279721	-0.281565	-0.275676	-0.277632	-0.281989	-0.278307	-0.277717	-0.271453	-0.282682	-0.282048	-0.276723	-0.276742	
-0.085967	-0.083134	-0.078541	-0.076833	-0.076788	-0.079373	-0.082288	-0.082871	-0.076520	-0.080611	-0.087217	-0.084091	-0.084848	-0.075900	-0.086892	-0.082291	0.633367	0.609480	0.606967	0.592891	0.622422	0.560063	0.631696	0.636989	0.597609	1.106159	-0.256353	-0.255877	-0.259298	-0.252123	-0.257454	-0.258964	-0.253294	-0.254455	-0.280817	-0.272365	-0.276388	-0.278143	-0.278560	-0.278443	-0.275765	-0.267786	-0.278126	-0.277356	-0.280647	-0.281426	
-0.239441	-0.236040	-0.240923	-0.242956	-0.236199	-0.222865	-0.245506	-0.245618	-0.230653	-0.239205	-0.241534	-0.229168	-0.233913	-0.236481	-0.232417	-0.233458	-0.249772	-0.249834	-0.249124	-0.244030	-0.254233	-0.238803	-0.254413	-0.259900	-0.252349	-0.256353	0.998968	0.415811	0.413612	0.404607	0.443819	0.421788	0.414334	0.426708	0.178728	0.160357	0.170679	0.178153	0.186172	0.175983	0.173707	0.166118	0.177642	0.173723	0.164958	0.182453	
-0.245846	-0.240355	-0.251335	-0.246424	-0.233768	-0.230450	-0.246358	-0.245359	-0.229841	-0.244360	-0.242465	-0.245451	-0.244916	-0.244271	-0.244284	-0.245323	-0.258183	-0.251400	-0.257113	-0.251982	-0.253791	-0.250341	-0.257112	-0.257322	-0.259782	-0.255877	0.415811	0.939932	0.429614	0.409635	0.435563	0.434366	0.427593	0.429079	0.193387	0.179390	0.182654	0.190800	0.193891	0.193154	0.182308	0.193936	0.196464	0.192146	0.184450	0.192265	
-0.249252	-0.237448	-0.248315	-0.243986	-0.238323	-0.225303	-0.243199	-0.245208	-0.237316	-0.243540	-0.243324	-0.236791	-0.247417	-0.240441	-0.244569	-0.241826	-0.254796	-0.251763	-0.252388	-0.247905	-0.252692	-0.239432	-0.257606	-0.259203	-0.252741	-0.259298	0.413612	0.429614	0.993851	0.397722	0.426648	0.421988	0.404055	0.424174	0.182187	0.174948	0.174891	0.189239	0.192098	0.187134	0.186227	0.175513	0.187420	0.184189	0.189811	0.198292	
-0.243616	-0.241662	-0.239140	-0.242867	-0.232052	-0.238324	-0.234922	-0.244848	-0.229091	-0.249027	-0.238295	-0.243187	-0.244634	-0.235764	-0.236686	-0.238789	-0.251576	-0.247968	-0.249616	-0.253462	-0.248053	-0.231472	-0.254057	-0.256068	-0.256990	-0.252123	0.404607	0.409635	0.397722	0.981658	0.407828	0.421914	0.408199	0.395740	0.192482	0.179808	0.176752	0.186798	0.189238	0.191473	0.179821	0.169502	0.188119	0.191620	0.186106	0.182597	
-0.243559	-0.231895	-0.244845	-0.249140	-0.237785	-0.230866	-0.247955	-0.249713	-0.233940	-0.245092	-0.251933	-0.237101	-0.246414	-0.240298	-0.246413	-0.251169	-0.253895	-0.248632	-0.253773	-0.253801	-0.248742	-0.241723	-0.261964	-0.255966	-0.256018	-0.257454	0.443819	0.435563	0.426648	0.407828	0.974134	0.442136	0.414331	0.423009	0.183594	0.174352	0.175927	0.183623	0.191336	0.194318	0.181325	0.172651	0.184096	0.179708	0.187596	0.193492	
-0.250082	-0.246095	-0.237321	-0.243913	-0.239140	-0.229038	-0.247000	-0.247209	-0.233004	-0.251637	-0.250232	-0.242416	-0.251525	-0.239692	-0.243274	-0.241872	-0.256321	-0.255522	-0.260042	-0.257581	-0.259055	-0.242864	-0.261903	-0.262547	-0.255796	-0.258964	0.421788	0.434366	0.421988	0.421914	0.442136	0.939146	0.440766	0.432712	0.184313	0.182363	0.193273	0.193376	0.191224	0.186363	0.189414	0.191295	0.190878	0.197145	0.189605	0.189296	
-0.249080	-0.248295	-0.247917	-0.244496	-0.243753	-0.239212	-0.247220	-0.243921	-0.239945	-0.252460	-0.250752	-0.243844	-0.253804	-0.235449	-0.242739	-0.242024	-0.251042	-0.258220	-0.257938	-0.252947	-0.258781	-0.244182	-0.250997	-0.256408	-0.255484	-0.253294	0.414334	0.427593	0.404055	0.408199	0.414331	0.440766	0.966271	0.395127	0.186136	0.189602	0.194037	0.195675	0.191874	0.194592	0.195253	0.195042	0.200723	0.194135	0.196813	0.185608	
-0.244173	-0.238687	-0.243532	-0.240046	-0.236247	-0.231160	-0.239824	-0.244248	-0.235770	-0.243186	-0.238106	-0.237273	-0.241522	-0.245552	-0.236425	-0.242321	-0.251211	-0.252313	-0.256448	-0.249992	-0.253349	-0.242526	-0.253324	-0.260619	-0.259012	-0.254455	0.426708	0.429079	0.424174	0.395740	0.423009	0.432712	0.395127	0.963831	0.184162	0.180034	0.182805	0.188922	0.194526	0.194160	0.183824	0.183920	0.186386	0.189754	0.183545	0.191408	
-0.267834	-0.263302	-0.266796	-0.274025	-0.257378	-0.261293	-0.267551	-0.268097	-0.260791	-0.273529	-0.269515	-0.265103	-0.268300	-0.265800	-0.268148	-0.268377	-0.278346	-0.279041	-0.278925	-0.270419	-0.273008	-0.264598	-0.280719	-0.284538	-0.279721	-0.280817	0.178728	0.193387	0.182187	0.192482	0.183594	0.184313	0.186136	0.184162	0.674993	0.428275	0.427093	0.441364	0.451882	0.451147	0.429994	0.403342	0.443319	0.442874	0.446927	0.443695	
-0.272258	-0.272319	-0.271764	-0.274351	-0.266012	-0.269143	-0.269849	-0.269242	-0.255267	-0.278368	-0.277065	-0.269122	-0.271183	-0.263911	-0.264185	-0.267708	-0.278668	-0.281138	-0.275725	-0.283070	-0.276491	-0.263912	-0.278566	-0.279986	-0.281565	-0.272365	0.160357	0.179390	0.174948	0.179808	0.174352	0.182363	0.189602	0.180034	0.428275	0.714412	0.427041	0.420589	0.430931	0.440302	0.419876	0.413678	0.436265	0.440543	0.427088	0.428760	
-0.264263	-0.265676	-0.263924	-0.263130	-0.260618	-0.263238	-0.266761	-0.268584	-0.253734	-0.261809	-0.271253	-0.266967	-0.265192	-0.260892	-0.262077	-0.260653	-0.278105	-0.273606	-0.277508	-0.267001	-0.279845	-0.264193	-0.275041	-0.287172	-0.275676	-0.276388	0.170679	0.182654	0.174891	0.176752	0.175927	0.193273	0.194037	0.182805	0.427093	0.427041	0.671141	0.441214	0.432345	0.434120	0.424542	0.407162	0.431554	0.429658	0.436703	0.427265	
-0.268487	-0.271006	-0.261725	-0.271456	-0.261746	-0.249969	-0.262672	-0.265651	-0.259843	-0.270384	-0.268663	-0.263502	-0.272022	-0.264337	-0.262798	-0.255213	-0.276022	-0.279129	-0.281823	-0.273898	-0.282149	-0.271186	-0.282520	-0.285922	-0.277632	-0.278143	0.178153	0.190800	0.189239	0.186798	0.183623	0.193376	0.195675	0.188922	0.441364	0.420589	0.441214	0.634379	0.447322	0.446600	0.434112	0.404724	0.444325	0.435643	0.449935	0.452107	
-0.266953	-0.265079	-0.268630	-0.275519	-0.262117	-0.258938	-0.268331	-0.264698	-0.258946	-0.267037	-0.269999	-0.263230	-0.262350	-0.265664	-0.264852	-0.263294	-0.281205	-0.277854	-0.275629	-0.274314	-0.278660	-0.271077	-0.285407	-0.282511	-0.281989	-0.278560	0.186172	0.193891	0.192098	0.189238	0.191336	0.191224	0.191874	0.194526	0.451882	0.430931	0.432345	0.447322	0.651106	0.447572	0.434441	0.407713	0.434527	0.437079	0.442874	0.455073	
-0.271354	-0.261005	-0.269364	-0.272393	-0.263066	-0.260899	-0.267274	-0.270562	-0.256612	-0.271631	-0.266662	-0.270770	-0.271668	-0.266393	-0.264795	-0.264733	-0.279384	-0.277141	-0.276468	-0.277220	-0.280165	-0.270949	-0.287595	-0.285379	-0.278307	-0.278443	0.175983	0.193154	0.187134	0.191473	0.194318	0.186363	0.194592	0.194160	0.451147	0.440302	0.434120	0.446600	0.447572	0.647448	0.435191	0.411900	0.458122	0.448937	0.448950	0.449300	
-0.270315	-0.266136	-0.269637	-0.267493	-0.269828	-0.257850	-0.265001	-0.269200	-0.249575	-0.270255	-0.269726	-0.263829	-0.268915	-0.261459	-0.258452	-0.266762	-0.268755	-0.279211	-0.275754	-0.269297	-0.279950	-0.261717	-0.272895	-0.279324	-0.277717	-0.275765	0.173707	0.182308	0.186227	0.179821	0.181325	0.189414	0.195253	0.183824	0.429994	0.419876	0.424542	0.434112	0.434441	0.435191	0.658490	0.405355	0.439769	0.426941	0.443361	0.433948	
-0.264577	-0.274275	-0.269420	-0.259012	-0.262373	-0.262787	-0.265863	-0.267050	-0.253316	-0.270551	-0.266737	-0.260796	-0.271821	-0.253225	-0.262717	-0.248508	-0.263762	-0.276218	-0.267525	-0.261857	-0.274050	-0.251612	-0.267517	-0.270710	-0.271453	-0.267786	0.166118	0.193936	0.175513	0.169502	0.172651	0.191295	0.195042	0.183920	0.403342	0.413678	0.407162	0.404724	0.407713	0.411900	0.405355	0.616045	0.418911	0.406627	0.397658	0.399382	
-0.263583	-0.266431	-0.264908	-0.272614	-0.262714	-0.255964	-0.274080	-0.272445	-0.260930	-0.271309	-0.267794	-0.268832	-0.268416	-0.266470	-0.267159	-0.267983	-0.278572	-0.283838	-0.282498	-0.272272	-0.280949	-0.250796	-0.282532	-0.291312	-0.282682	-0.278126	0.177642	0.196464	0.187420	0.188119	0.184096	0.190878	0.200723	0.186386	0.443319	0.436265	0.431554	0.444325	0.434527	0.458122	0.439769	0.418911	0.681349	0.436932	0.439399	0.440032	
-0.270632	-0.270287	-0.267003	-0.269887	-0.264974	-0.249583	-0.263380	-0.264582	-0.259513	-0.270198	-0.262304	-0.259301	-0.272423	-0.265189	-0.265791	-0.263404	-0.275380	-0.275273	-0.273292	-0.269002	-0.275106	-0.262949	-0.281963	-0.281224	-0.282048	-0.277356	0.173723	0.192146	0.184189	0.191620	0.179708	0.197145	0.194135	0.189754	0.442874	0.440543	0.429658	0.435643	0.437079	0.448937	0.426941	0.406627	0.436932	0.651637	0.434142	0.436990	
-0.272023	-0.259727	-0.268352	-0.271999	-0.263744	-0.260151	-0.259235	-0.269771	-0.259450	-0.276861	-0.266990	-0.264540	-0.270012	-0.258584	-0.263040	-0.264185	-0.274180	-0.277605	-0.275691	-0.276682	-0.277449	-0.260352	-0.281359	-0.283281	-0.276723	-0.280647	0.164958	0.184450	0.189811	0.186106	0.187596	0.189605	0.196813	0.183545	0.446927	0.427088	0.436703	0.449935	0.442874	0.448950	0.443361	0.397658	0.439399	0.434142	0.676009	0.451068	
-0.272216	-0.266039	-0.262558	-0.271233	-0.260081	-0.253968	-0.266274	-0.269160	-0.261321	-0.270528	-0.264540	-0.267066	-0.265887	-0.262940	-0.268442	-0.263840	-0.277548	-0.276332	-0.276504	-0.275616	-0.279249	-0.267343	-0.280750	-0.284194	-0.276742	-0.281426	0.182453	0.192265	0.198292	0.182597	0.193492	0.189296	0.185608	0.191408	0.443695	0.428760	0.427265	0.452107	0.455073	0.449300	0.433948	0.399382	0.440032	0.436990	0.451068	0.664809	
