0.000000	0.155034	0.155089	0.133934	0.151310	0.126671	0.155778	0.153968	0.152418	0.135468	0.129931	0.151557	0.130207	0.154854	0.130906	0.134746	0.281230	0.284295	0.282493	0.277926	0.285453	0.283991	0.286002	0.288765	0.281356	0.284970	0.340878	0.344630	0.348101	0.342855	0.346244	0.347086	0.346628	0.343360	0.353083	0.353437	0.349517	0.352073	0.350415	0.353562	0.351207	0.345356	0.351574	0.352144	0.354987	0.355795	
0.155034	0.000000	0.153631	0.152926	0.149835	0.146652	0.156886	0.155069	0.149227	0.155731	0.154528	0.148065	0.150399	0.158293	0.151550	0.153941	0.282145	0.282461	0.280938	0.275391	0.282908	0.285493	0.287481	0.285219	0.278605	0.284775	0.342914	0.344400	0.344896	0.346504	0.342656	0.346690	0.347433	0.343708	0.353100	0.357286	0.351592	0.354546	0.351725	0.351839	0.351815	0.353659	0.353052	0.352783	0.351323	0.354813	
0.155089	0.153631	0.000000	0.149810	0.145925	0.154576	0.147233	0.148614	0.150141	0.146259	0.146258	0.148320	0.148942	0.146434	0.148427	0.152359	0.280040	0.282681	0.281077	0.277024	0.284072	0.280256	0.283369	0.283459	0.277169	0.282375	0.342244	0.346237	0.347837	0.343535	0.346915	0.344425	0.345130	0.342936	0.352622	0.352385	0.349508	0.348591	0.351763	0.352515	0.350736	0.349947	0.350279	0.350765	0.352481	0.351208	
0.133934	0.152926	0.149810	0.000000	0.153825	0.136276	0.156073	0.154427	0.154295	0.131638	0.131980	0.150446	0.132355	0.156529	0.130234	0.137425	0.280978	0.281130	0.278963	0.278311	0.280380	0.276296	0.283140	0.283994	0.279029	0.282462	0.343081	0.345834	0.348240	0.345247	0.349691	0.346265	0.346582	0.342873	0.355820	0.355746	0.348228	0.353275	0.355123	0.354173	0.352184	0.342005	0.353803	0.353011	0.355826	0.356289	
0.151310	0.149835	0.145925	0.153825	0.000000	0.157168	0.155201	0.147443	0.151737	0.154905	0.151088	0.147407	0.151660	0.150056	0.153750	0.156339	0.280185	0.281527	0.281366	0.277090	0.284335	0.279528	0.283629	0.284913	0.277974	0.281250	0.339109	0.338355	0.342657	0.339034	0.342240	0.341157	0.343801	0.338782	0.347463	0.349244	0.346446	0.348239	0.347983	0.350524	0.351731	0.344521	0.348622	0.349734	0.351128	0.350594	
0.126671	0.146652	0.154576	0.136276	0.157168	0.000000	0.150705	0.153015	0.153054	0.138710	0.131594	0.148346	0.131705	0.153694	0.130138	0.133155	0.276879	0.278651	0.280026	0.273451	0.280560	0.271408	0.281049	0.282891	0.279658	0.278610	0.330596	0.332604	0.334269	0.336429	0.337209	0.333849	0.337786	0.332218	0.346149	0.350099	0.345796	0.340388	0.345247	0.345401	0.340926	0.342436	0.342285	0.339943	0.347330	0.346405	
0.155778	0.156886	0.147233	0.156073	0.155201	0.150705	0.000000	0.146734	0.153386	0.158938	0.149926	0.147094	0.154555	0.152476	0.155345	0.156253	0.283801	0.285801	0.283432	0.280075	0.287649	0.287876	0.286114	0.287913	0.281462	0.285431	0.345631	0.347040	0.348061	0.344340	0.349603	0.347836	0.347614	0.344631	0.354403	0.355301	0.352050	0.350428	0.353275	0.353389	0.350483	0.348969	0.355655	0.351800	0.352074	0.354381	
0.153968	0.155069	0.148614	0.154427	0.147443	0.153015	0.146734	0.000000	0.145240	0.151259	0.150656	0.146686	0.153051	0.147116	0.151564	0.153898	0.284476	0.287262	0.283713	0.278598	0.287721	0.288548	0.288295	0.287875	0.284970	0.286501	0.345151	0.346292	0.348283	0.345897	0.350378	0.347441	0.347614	0.345245	0.353686	0.354970	0.352889	0.352741	0.352461	0.355095	0.353547	0.347670	0.354374	0.350775	0.356715	0.355341	
0.152418	0.149227	0.150141	0.154295	0.151737	0.153054	0.153386	0.145240	0.000000	0.155867	0.150895	0.147287	0.153559	0.151323	0.154454	0.154897	0.281950	0.281766	0.277850	0.275012	0.282516	0.280904	0.283499	0.283689	0.275706	0.279804	0.335635	0.335472	0.340270	0.338678	0.339589	0.339080	0.341829	0.337893	0.347245	0.346652	0.342957	0.346367	0.345572	0.345571	0.344132	0.342914	0.346038	0.345904	0.346798	0.348776	
0.135468	0.155731	0.146259	0.131638	0.154905	0.138710	0.158938	0.151259	0.155867	0.000000	0.128964	0.155168	0.127387	0.157014	0.129875	0.133339	0.281987	0.283891	0.278950	0.276402	0.283944	0.281665	0.282622	0.284955	0.281106	0.282776	0.342787	0.344260	0.345985	0.345351	0.346593	0.347436	0.347642	0.344797	0.353850	0.357856	0.347484	0.352951	0.351704	0.353778	0.351241	0.348158	0.353108	0.351522	0.356001	0.354802	
0.129931	0.154528	0.146258	0.131980	0.151088	0.131594	0.149926	0.150656	0.150895	0.128964	0.000000	0.149738	0.124855	0.153183	0.130682	0.133582	0.280763	0.283240	0.277556	0.275758	0.283679	0.285443	0.286474	0.287236	0.273543	0.283888	0.342374	0.343758	0.345588	0.341312	0.348799	0.345971	0.347926	0.343145	0.351090	0.355762	0.351509	0.351129	0.351744	0.350832	0.349842	0.346373	0.350579	0.347330	0.351925	0.351558	
0.151557	0.148065	0.148320	0.150446	0.147407	0.148346	0.147094	0.146686	0.147287	0.155168	0.149738	0.000000	0.151256	0.150078	0.145385	0.151947	0.283679	0.283476	0.282045	0.276450	0.284835	0.280939	0.285336	0.287641	0.279401	0.283902	0.338271	0.343748	0.343443	0.345661	0.343378	0.344374	0.345470	0.341400	0.352707	0.354090	0.351526	0.349422	0.351127	0.354180	0.349562	0.343221	0.351971	0.348501	0.352481	0.353697	
0.130207	0.150399	0.148942	0.132355	0.151660	0.131705	0.154555	0.153051	0.153559	0.127387	0.124855	0.151256	0.000000	0.153859	0.125031	0.130295	0.280775	0.282876	0.279795	0.273886	0.284205	0.290670	0.285302	0.285335	0.279586	0.282621	0.339033	0.343818	0.346629	0.343620	0.347458	0.347465	0.348128	0.341934	0.352267	0.353688	0.348504	0.353097	0.349447	0.353093	0.351128	0.347790	0.351751	0.352200	0.353622	0.352313	
0.154854	0.158293	0.146434	0.156529	0.150056	0.153694	0.152476	0.147116	0.151323	0.157014	0.153183	0.150078	0.153859	0.000000	0.159061	0.159871	0.281341	0.282575	0.282224	0.277263	0.281588	0.279596	0.282008	0.282643	0.276861	0.281315	0.341300	0.343817	0.345110	0.342278	0.344705	0.343463	0.342353	0.344258	0.350837	0.350260	0.349899	0.349706	0.350630	0.351454	0.348511	0.339491	0.351280	0.349869	0.350581	0.350877	
0.130906	0.151550	0.148427	0.130234	0.153750	0.130138	0.155345	0.151564	0.154454	0.129875	0.130682	0.145385	0.125031	0.159061	0.000000	0.132972	0.279663	0.282102	0.281327	0.274209	0.284119	0.286757	0.281938	0.285928	0.279175	0.282796	0.336571	0.342232	0.343414	0.338358	0.344688	0.342724	0.341486	0.337835	0.350644	0.349156	0.345613	0.347226	0.348322	0.348561	0.344675	0.345254	0.349388	0.348259	0.349653	0.351713	
0.134746	0.153941	0.152359	0.137425	0.156339	0.133155	0.156253	0.153898	0.154897	0.133339	0.133582	0.151947	0.130295	0.159871	0.132972	0.000000	0.280859	0.284938	0.279250	0.274503	0.286326	0.284898	0.283472	0.287144	0.278167	0.284111	0.339634	0.343533	0.345307	0.343900	0.349161	0.343883	0.344338	0.343082	0.353442	0.352367	0.348551	0.344873	0.350258	0.351442	0.349328	0.340987	0.351767	0.348574	0.351197	0.352137	
0.281230	0.282145	0.280040	0.280978	0.280185	0.276879	0.283801	0.284476	0.281950	0.281987	0.280763	0.283679	0.280775	0.281341	0.279663	0.280859	0.000000	0.074445	0.074353	0.075026	0.077421	0.089165	0.071835	0.074730	0.076017	0.070137	0.352190	0.356013	0.356434	0.353575	0.356749	0.355837	0.353116	0.353415	0.362455	0.362247	0.361190	0.361704	0.361913	0.363143	0.356008	0.348751	0.361888	0.359323	0.360951	0.363780	
0.284295	0.282461	0.282681	0.281130	0.281527	0.278651	0.285801	0.287262	0.281766	0.283891	0.283240	0.283476	0.282876	0.282575	0.282102	0.284938	0.074445	0.000000	0.076325	0.076458	0.075111	0.088204	0.075527	0.075306	0.072115	0.076635	0.352352	0.354003	0.355811	0.352570	0.354434	0.356318	0.356406	0.353020	0.363374	0.363387	0.360348	0.362601	0.361593	0.362431	0.361145	0.354984	0.364657	0.360130	0.362844	0.363297	
0.282493	0.280938	0.281077	0.278963	0.281366	0.280026	0.283432	0.283713	0.277850	0.278950	0.277556	0.282045	0.279795	0.282224	0.281327	0.279250	0.074353	0.076325	0.000000	0.072658	0.075954	0.081946	0.076973	0.075817	0.075203	0.076760	0.351181	0.354346	0.355213	0.352182	0.356558	0.356921	0.355234	0.354190	0.361568	0.360239	0.360827	0.363863	0.360003	0.361256	0.359743	0.351822	0.363629	0.358586	0.361840	0.362622	
0.277926	0.275391	0.277024	0.278311	0.277090	0.273451	0.280075	0.278598	0.275012	0.276402	0.275758	0.276450	0.273886	0.277263	0.274209	0.274503	0.075026	0.076458	0.072658	0.000000	0.074632	0.090069	0.072592	0.077604	0.072068	0.075953	0.348739	0.351102	0.352714	0.352809	0.354533	0.353803	0.352111	0.350282	0.358631	0.361454	0.357136	0.358088	0.358033	0.360162	0.356345	0.346133	0.359024	0.353890	0.360780	0.360673	
0.285453	0.282908	0.284072	0.280380	0.284335	0.280560	0.287649	0.287721	0.282516	0.283944	0.283679	0.284835	0.284205	0.281588	0.284119	0.286326	0.077421	0.075111	0.075954	0.074632	0.000000	0.087626	0.080106	0.076630	0.073872	0.076121	0.354118	0.354352	0.356360	0.352577	0.355337	0.357653	0.357318	0.354572	0.361617	0.361327	0.362402	0.364465	0.361897	0.364062	0.362749	0.354228	0.364313	0.361222	0.363665	0.364345	
0.283991	0.285493	0.280256	0.276296	0.279528	0.271408	0.287876	0.288548	0.280904	0.281665	0.285443	0.280939	0.290670	0.279596	0.286757	0.284898	0.089165	0.088204	0.081946	0.090069	0.087626	0.000000	0.085387	0.081488	0.088190	0.087513	0.341825	0.347726	0.347073	0.343317	0.344318	0.347111	0.347750	0.342587	0.350266	0.347927	0.348984	0.353423	0.352879	0.353423	0.347856	0.341541	0.347584	0.350262	0.350700	0.353840	
0.286002	0.287481	0.283369	0.283140	0.283629	0.281049	0.286114	0.288295	0.283499	0.282622	0.286474	0.285336	0.285302	0.282008	0.281938	0.283472	0.071835	0.075527	0.076973	0.072592	0.080106	0.085387	0.000000	0.074265	0.072318	0.075227	0.353560	0.355833	0.358247	0.353713	0.360335	0.358583	0.354695	0.354854	0.363985	0.362898	0.359322	0.364964	0.364531	0.366499	0.358817	0.350223	0.364115	0.362413	0.365367	0.365923	
0.288765	0.285219	0.283459	0.283994	0.284913	0.282891	0.287913	0.287875	0.283689	0.284955	0.287236	0.287641	0.285335	0.282643	0.285928	0.287144	0.074730	0.075306	0.075817	0.077604	0.076630	0.081488	0.074265	0.000000	0.076887	0.076217	0.358041	0.358182	0.361495	0.357758	0.359377	0.360978	0.359009	0.358816	0.367709	0.366874	0.367129	0.368438	0.366003	0.367839	0.363395	0.355745	0.369850	0.364413	0.367571	0.368343	
0.281356	0.278605	0.277169	0.279029	0.277974	0.279658	0.281462	0.284970	0.275706	0.281106	0.273543	0.279401	0.279586	0.276861	0.279175	0.278167	0.076017	0.072115	0.075203	0.072068	0.073872	0.088190	0.072318	0.076887	0.000000	0.077634	0.352261	0.355811	0.357062	0.354138	0.358072	0.355680	0.355184	0.355701	0.362805	0.362664	0.361793	0.361200	0.363230	0.363184	0.360622	0.352286	0.364615	0.361846	0.363528	0.363538	
0.284970	0.284775	0.282375	0.282462	0.281250	0.278610	0.285431	0.286501	0.279804	0.282776	0.283888	0.283902	0.282621	0.281315	0.282796	0.284111	0.070137	0.076635	0.076760	0.075953	0.076121	0.087513	0.075227	0.076217	0.077634	0.000000	0.353913	0.354345	0.357787	0.352305	0.356562	0.356369	0.354307	0.353435	0.363161	0.360356	0.359944	0.361933	0.360940	0.361800	0.359184	0.352875	0.361719	0.359415	0.364207	0.364697	
0.340878	0.342914	0.342244	0.343081	0.339109	0.330596	0.345631	0.345151	0.335635	0.342787	0.342374	0.338271	0.339033	0.341300	0.336571	0.339634	0.352190	0.352352	0.351181	0.348739	0.354118	0.341825	0.353560	0.358041	0.352261	0.353913	0.000000	0.090473	0.092340	0.092989	0.088817	0.087035	0.089948	0.087729	0.145179	0.148556	0.145288	0.142344	0.140368	0.143972	0.142883	0.139703	0.143265	0.143954	0.148996	0.144585	
0.344630	0.344400	0.346237	0.345834	0.338355	0.332604	0.347040	0.346292	0.335472	0.344260	0.343758	0.343748	0.343818	0.343817	0.342232	0.343533	0.356013	0.354003	0.354346	0.351102	0.354352	0.347726	0.355833	0.358182	0.355811	0.354345	0.090473	0.000000	0.086943	0.089428	0.086358	0.083651	0.085054	0.086538	0.137762	0.141923	0.138474	0.136461	0.137735	0.137807	0.138038	0.132466	0.136174	0.136068	0.141132	0.140172	
0.348101	0.344896	0.347837	0.348240	0.342657	0.334269	0.348061	0.348283	0.340270	0.345985	0.345588	0.343443	0.346629	0.345110	0.343414	0.345307	0.356434	0.355811	0.355213	0.352714	0.356360	0.347073	0.358247	0.361495	0.357062	0.357787	0.092340	0.086943	0.000000	0.095168	0.092809	0.089309	0.093354	0.089440	0.143742	0.144718	0.143802	0.140689	0.140024	0.142343	0.140115	0.137209	0.140869	0.141423	0.143950	0.140464	
0.342855	0.346504	0.343535	0.345247	0.339034	0.336429	0.344340	0.345897	0.338678	0.345351	0.341312	0.345661	0.343620	0.342278	0.338358	0.343900	0.353575	0.352570	0.352182	0.352809	0.352577	0.343317	0.353713	0.357758	0.354138	0.352305	0.092989	0.089428	0.095168	0.000000	0.094748	0.089575	0.090630	0.092723	0.140331	0.139943	0.141705	0.139229	0.139816	0.139110	0.141356	0.138509	0.138891	0.137023	0.141405	0.142786	
0.346244	0.342656	0.346915	0.349691	0.342240	0.337209	0.349603	0.350378	0.339589	0.346593	0.348799	0.343378	0.347458	0.344705	0.344688	0.349161	0.356749	0.354434	0.356558	0.354533	0.355337	0.344318	0.360335	0.359377	0.358072	0.356562	0.088817	0.086358	0.092809	0.094748	0.000000	0.086411	0.093170	0.091794	0.143535	0.146853	0.144382	0.142310	0.140560	0.140132	0.143472	0.138893	0.142503	0.143346	0.143897	0.142301	
0.347086	0.346690	0.344425	0.346265	0.341157	0.333849	0.347836	0.347441	0.339080	0.347436	0.345971	0.344374	0.347465	0.343463	0.342724	0.343883	0.355837	0.356318	0.356921	0.353803	0.357653	0.347111	0.358583	0.360978	0.355680	0.356369	0.087035	0.083651	0.089309	0.089575	0.086411	0.000000	0.081517	0.087106	0.142490	0.141889	0.136628	0.136338	0.139306	0.141153	0.139565	0.133505	0.138783	0.135706	0.140779	0.141181	
0.346628	0.347433	0.345130	0.346582	0.343801	0.337786	0.347614	0.347614	0.341829	0.347642	0.347926	0.345470	0.348128	0.342353	0.341486	0.344338	0.353116	0.356406	0.355234	0.352111	0.357318	0.347750	0.354695	0.359009	0.355184	0.354307	0.089948	0.085054	0.093354	0.090630	0.093170	0.081517	0.000000	0.091598	0.139849	0.140314	0.135323	0.135683	0.137641	0.137722	0.135174	0.130925	0.135568	0.136344	0.137257	0.141344	
0.343360	0.343708	0.342936	0.342873	0.338782	0.332218	0.344631	0.345245	0.337893	0.344797	0.343145	0.341400	0.341934	0.344258	0.337835	0.343082	0.353415	0.353020	0.354190	0.350282	0.354572	0.342587	0.354854	0.358816	0.355701	0.353435	0.087729	0.086538	0.089440	0.092723	0.091794	0.087106	0.091598	0.000000	0.141311	0.142012	0.139204	0.137668	0.137986	0.137565	0.139311	0.131812	0.140118	0.137701	0.142759	0.140631	
0.353083	0.353100	0.352622	0.355820	0.347463	0.346149	0.354403	0.353686	0.347245	0.353850	0.351090	0.352707	0.352267	0.350837	0.350644	0.353442	0.362455	0.363374	0.361568	0.358631	0.361617	0.350266	0.363985	0.367709	0.362805	0.363161	0.145179	0.137762	0.143742	0.140331	0.143535	0.142490	0.139849	0.141311	0.000000	0.050938	0.048438	0.046672	0.045793	0.045075	0.049284	0.049890	0.044136	0.046020	0.046521	0.049217	
0.353437	0.357286	0.352385	0.355746	0.349244	0.350099	0.355301	0.354970	0.346652	0.357856	0.355762	0.354090	0.353688	0.350260	0.349156	0.352367	0.362247	0.363387	0.360239	0.361454	0.361327	0.347927	0.362898	0.366874	0.362664	0.360356	0.148556	0.141923	0.144718	0.139943	0.146853	0.141889	0.140314	0.142012	0.050938	0.000000	0.048408	0.049608	0.048700	0.045258	0.051873	0.049040	0.047139	0.046798	0.050220	0.050584	
0.349517	0.351592	0.349508	0.348228	0.346446	0.345796	0.352050	0.352889	0.342957	0.347484	0.351509	0.351526	0.348504	0.349899	0.345613	0.348551	0.361190	0.360348	0.360827	0.357136	0.362402	0.348984	0.359322	0.367129	0.361793	0.359944	0.145288	0.138474	0.143802	0.141705	0.144382	0.136628	0.135323	0.139204	0.048438	0.048408	0.000000	0.042577	0.047450	0.045746	0.048518	0.046670	0.047332	0.046396	0.047260	0.050460	
0.352073	0.354546	0.348591	0.353275	0.348239	0.340388	0.350428	0.352741	0.346367	0.352951	0.351129	0.349422	0.353097	0.349706	0.347226	0.344873	0.361704	0.362601	0.363863	0.358088	0.364465	0.353423	0.364964	0.368438	0.361200	0.361933	0.142344	0.136461	0.140689	0.139229	0.142310	0.136338	0.135683	0.137668	0.046672	0.049608	0.042577	0.000000	0.043238	0.044080	0.045857	0.046485	0.043289	0.045600	0.044531	0.044157	
0.350415	0.351725	0.351763	0.355123	0.347983	0.345247	0.353275	0.352461	0.345572	0.351704	0.351744	0.351127	0.349447	0.350630	0.348322	0.350258	0.361913	0.361593	0.360003	0.358033	0.361897	0.352879	0.364531	0.366003	0.363230	0.360940	0.140368	0.137735	0.140024	0.139816	0.140560	0.139306	0.137641	0.137986	0.045793	0.048700	0.047450	0.043238	0.000000	0.045706	0.047404	0.046888	0.047199	0.045925	0.047843	0.044560	
0.353562	0.351839	0.352515	0.354173	0.350524	0.345401	0.353389	0.355095	0.345571	0.353778	0.350832	0.354180	0.353093	0.351454	0.348561	0.351442	0.363143	0.362431	0.361256	0.360162	0.364062	0.353423	0.366499	0.367839	0.363184	0.361800	0.143972	0.137807	0.142343	0.139110	0.140132	0.141153	0.137722	0.137565	0.045075	0.045258	0.045746	0.044080	0.045706	0.000000	0.047693	0.047809	0.041976	0.042503	0.046768	0.046805	
0.351207	0.351815	0.350736	0.352184	0.351731	0.340926	0.350483	0.353547	0.344132	0.351241	0.349842	0.349562	0.351128	0.348511	0.344675	0.349328	0.356008	0.361145	0.359743	0.356345	0.362749	0.347856	0.358817	0.363395	0.360622	0.359184	0.142883	0.138038	0.140115	0.141356	0.143472	0.139565	0.135174	0.139311	0.049284	0.051873	0.048518	0.045857	0.047404	0.047693	0.000000	0.048855	0.044256	0.047443	0.046949	0.048968	
0.345356	0.353659	0.349947	0.342005	0.344521	0.342436	0.348969	0.347670	0.342914	0.348158	0.346373	0.343221	0.347790	0.339491	0.345254	0.340987	0.348751	0.354984	0.351822	0.346133	0.354228	0.341541	0.350223	0.355745	0.352286	0.352875	0.139703	0.132466	0.137209	0.138509	0.138893	0.133505	0.130925	0.131812	0.049890	0.049040	0.046670	0.046485	0.046888	0.047809	0.048855	0.000000	0.042156	0.046704	0.050376	0.048718	
0.351574	0.353052	0.350279	0.353803	0.348622	0.342285	0.355655	0.354374	0.346038	0.353108	0.350579	0.351971	0.351751	0.351280	0.349388	0.351767	0.361888	0.364657	0.363629	0.359024	0.364313	0.347584	0.364115	0.369850	0.364615	0.361719	0.143265	0.136174	0.140869	0.138891	0.142503	0.138783	0.135568	0.140118	0.044136	0.047139	0.047332	0.043289	0.047199	0.041976	0.044256	0.042156	0.000000	0.045228	0.047724	0.048401	
0.352144	0.352783	0.350765	0.353011	0.349734	0.339943	0.351800	0.350775	0.345904	0.351522	0.347330	0.348501	0.352200	0.349869	0.348259	0.348574	0.359323	0.360130	0.358586	0.353890	0.361222	0.350262	0.362413	0.364413	0.361846	0.359415	0.143954	0.136068	0.141423	0.137023	0.143346	0.135706	0.136344	0.137701	0.046020	0.046798	0.046396	0.045600	0.045925	0.042503	0.047443	0.046704	0.045228	0.000000	0.048877	0.047367	
0.354987	0.351323	0.352481	0.355826	0.351128	0.347330	0.352074	0.356715	0.346798	0.356001	0.351925	0.352481	0.353622	0.350581	0.349653	0.351197	0.360951	0.362844	0.361840	0.360780	0.363665	0.350700	0.365367	0.367571	0.363528	0.364207	0.148996	0.141132	0.143950	0.141405	0.143897	0.140779	0.137257	0.142759	0.046521	0.050220	0.047260	0.044531	0.047843	0.046768	0.046949	0.050376	0.047724	0.048877	0.000000	0.047782	
0.355795	0.354813	0.351208	0.356289	0.350594	0.346405	0.354381	0.355341	0.348776	0.354802	0.351558	0.353697	0.352313	0.350877	0.351713	0.352137	0.363780	0.363297	0.362622	0.360673	0.364345	0.353840	0.365923	0.368343	0.363538	0.364697	0.144585	0.140172	0.140464	0.142786	0.142301	0.141181	0.141344	0.140631	0.049217	0.050584	0.050460	0.044157	0.044560	0.046805	0.048968	0.048718	0.048401	0.047367	0.047782	0.000000	
