1.206366	0.296507	0.286528	0.401230	0.288351	0.367815	0.304541	0.300049	0.292587	0.383486	0.375298	0.311561	0.376043	0.302038	0.369408	0.353715	-0.087326	-0.085823	-0.086862	-0.075286	-0.082762	-0.090931	-0.089066	-0.089763	-0.080811	-0.093938	-0.251501	-0.257255	-0.257326	-0.255717	-0.260088	-0.260016	-0.263046	-0.261658	-0.271397	-0.272862	-0.273392	-0.278972	-0.277119	-0.283033	-0.282764	-0.277648	-0.279961	-0.280912	-0.278651	-0.283183	
0.296507	1.278857	0.318925	0.292379	0.342417	0.288431	0.331309	0.340784	0.338148	0.299053	0.289594	0.308766	0.312698	0.304524	0.305337	0.312193	-0.085195	-0.082389	-0.087041	-0.077123	-0.076290	-0.077678	-0.085966	-0.085966	-0.073631	-0.093158	-0.245035	-0.254107	-0.239804	-0.238305	-0.243999	-0.246673	-0.248336	-0.249816	-0.272311	-0.271466	-0.277858	-0.267194	-0.266934	-0.275253	-0.264829	-0.277323	-0.275586	-0.273572	-0.270746	-0.270453	
0.286528	0.318925	1.261738	0.293641	0.327152	0.291623	0.345503	0.324889	0.316956	0.291134	0.288399	0.336211	0.275434	0.338099	0.296418	0.292624	-0.078603	-0.076607	-0.081045	-0.075727	-0.086390	-0.076612	-0.083089	-0.076253	-0.068727	-0.084598	-0.237730	-0.250155	-0.245583	-0.244258	-0.251895	-0.249109	-0.244723	-0.250254	-0.266482	-0.267602	-0.268095	-0.268229	-0.276661	-0.267047	-0.269914	-0.269710	-0.268473	-0.273790	-0.264542	-0.270346	
0.401230	0.292379	0.293641	1.176430	0.288177	0.337104	0.295645	0.291598	0.302098	0.380040	0.377641	0.291570	0.384028	0.278576	0.375694	0.367081	-0.083064	-0.081407	-0.081549	-0.081421	-0.085647	-0.081375	-0.084800	-0.086178	-0.076153	-0.080863	-0.250112	-0.261676	-0.253756	-0.250135	-0.255963	-0.255217	-0.258120	-0.254162	-0.276293	-0.282177	-0.268733	-0.278652	-0.273228	-0.279264	-0.278560	-0.265069	-0.276898	-0.279960	-0.277324	-0.281903	
0.288351	0.342417	0.327152	0.288177	1.263280	0.268967	0.338910	0.356067	0.311832	0.292568	0.289552	0.325211	0.287375	0.332786	0.285756	0.297014	-0.082926	-0.087044	-0.085798	-0.081465	-0.093535	-0.090428	-0.087580	-0.084478	-0.074625	-0.083874	-0.242188	-0.244050	-0.242215	-0.243248	-0.247955	-0.242586	-0.248729	-0.244902	-0.261146	-0.268053	-0.266308	-0.268433	-0.265421	-0.268750	-0.265499	-0.275946	-0.269300	-0.265519	-0.269533	-0.275025	
0.367815	0.288431	0.291623	0.337104	0.268967	1.083684	0.266586	0.274934	0.258846	0.336317	0.336794	0.270152	0.352692	0.256050	0.355692	0.332271	-0.082285	-0.091114	-0.082149	-0.066854	-0.087477	-0.084615	-0.088515	-0.086971	-0.073528	-0.084629	-0.230850	-0.237831	-0.235033	-0.243306	-0.244975	-0.238551	-0.242750	-0.241529	-0.255257	-0.279539	-0.264828	-0.258579	-0.262789	-0.267893	-0.257347	-0.267408	-0.267517	-0.254442	-0.252495	-0.268930	
0.304541	0.331309	0.345503	0.295645	0.338910	0.266586	1.391841	0.341566	0.336706	0.294361	0.294134	0.349430	0.301234	0.315482	0.293909	0.296868	-0.086232	-0.083203	-0.086248	-0.080363	-0.088881	-0.100252	-0.090826	-0.086973	-0.076073	-0.089758	-0.246893	-0.257152	-0.254999	-0.251554	-0.258387	-0.255771	-0.255307	-0.254111	-0.268448	-0.278060	-0.273053	-0.271034	-0.272496	-0.275419	-0.273510	-0.281328	-0.277416	-0.275362	-0.273791	-0.276506	
0.300049	0.340784	0.324889	0.291598	0.356067	0.274934	0.341566	1.367387	0.339911	0.298466	0.298287	0.327373	0.294367	0.352901	0.280900	0.287056	-0.088085	-0.078302	-0.091005	-0.072994	-0.083904	-0.090805	-0.085468	-0.086743	-0.074351	-0.085895	-0.249477	-0.249271	-0.248937	-0.247723	-0.250886	-0.256120	-0.256839	-0.256593	-0.274015	-0.279681	-0.273607	-0.278307	-0.276171	-0.280229	-0.272386	-0.282221	-0.275764	-0.275280	-0.275888	-0.277106	
0.292587	0.338148	0.316956	0.302098	0.311832	0.258846	0.336706	0.339911	1.243246	0.286385	0.277700	0.316512	0.282533	0.324991	0.281513	0.260602	-0.080791	-0.077070	-0.074861	-0.067656	-0.080771	-0.092061	-0.077735	-0.088163	-0.073204	-0.076193	-0.236997	-0.244663	-0.236647	-0.236391	-0.245206	-0.246411	-0.247687	-0.238866	-0.261839	-0.266620	-0.264272	-0.268318	-0.263699	-0.257307	-0.272604	-0.264668	-0.264719	-0.266522	-0.263188	-0.267352	
0.383486	0.299053	0.291134	0.380040	0.292568	0.336317	0.294361	0.298466	0.286385	1.215334	0.380648	0.275039	0.381199	0.278560	0.375453	0.373803	-0.091610	-0.080679	-0.075341	-0.075615	-0.079691	-0.081511	-0.082609	-0.086995	-0.083139	-0.086999	-0.249405	-0.254270	-0.252947	-0.259317	-0.262045	-0.256895	-0.260275	-0.261766	-0.277653	-0.284521	-0.272212	-0.283814	-0.272568	-0.280596	-0.277452	-0.276917	-0.276459	-0.278062	-0.282192	-0.286005	
0.375298	0.289594	0.288399	0.377641	0.289552	0.336794	0.294134	0.298287	0.277700	0.380648	1.099926	0.293569	0.390932	0.283712	0.376931	0.366990	-0.081392	-0.085489	-0.080288	-0.065883	-0.080349	-0.094327	-0.081106	-0.085886	-0.069572	-0.078211	-0.249344	-0.257129	-0.254381	-0.251635	-0.260204	-0.255391	-0.261251	-0.259318	-0.272931	-0.276231	-0.277388	-0.273222	-0.267542	-0.274609	-0.271180	-0.267671	-0.273265	-0.268030	-0.274790	-0.273857	
0.311561	0.308766	0.336211	0.291570	0.325211	0.270152	0.349430	0.327373	0.316512	0.275039	0.293569	1.263067	0.294035	0.327883	0.292659	0.286155	-0.082425	-0.087182	-0.085801	-0.068534	-0.079874	-0.086003	-0.081621	-0.087663	-0.073581	-0.087607	-0.231899	-0.242320	-0.238215	-0.241101	-0.251096	-0.243307	-0.246306	-0.251222	-0.266022	-0.265963	-0.262083	-0.265097	-0.260998	-0.268104	-0.269728	-0.272857	-0.268756	-0.268469	-0.268205	-0.269212	
0.376043	0.312698	0.275434	0.384028	0.287375	0.352692	0.301234	0.294367	0.282533	0.381199	0.390932	0.294035	1.202691	0.279931	0.387253	0.363260	-0.079615	-0.090223	-0.084666	-0.071435	-0.087010	-0.101114	-0.088699	-0.091094	-0.074995	-0.091443	-0.247122	-0.260191	-0.263198	-0.251952	-0.257029	-0.257903	-0.258516	-0.255532	-0.278113	-0.273601	-0.277890	-0.280028	-0.276616	-0.280747	-0.279833	-0.271671	-0.276473	-0.270159	-0.280995	-0.279049	
0.302038	0.304524	0.338099	0.278576	0.332786	0.256050	0.315482	0.352901	0.324991	0.278560	0.283712	0.327883	0.279931	1.262289	0.296552	0.282232	-0.074686	-0.073787	-0.078728	-0.071792	-0.073805	-0.081598	-0.078144	-0.081312	-0.071299	-0.085248	-0.234314	-0.248847	-0.248459	-0.240491	-0.242330	-0.248579	-0.243677	-0.248089	-0.266713	-0.265899	-0.266972	-0.269618	-0.266722	-0.267592	-0.273449	-0.260333	-0.267138	-0.264262	-0.266100	-0.267652	
0.369408	0.305337	0.296418	0.375694	0.285756	0.355692	0.293909	0.280900	0.281513	0.375453	0.376931	0.292659	0.387253	0.296552	1.154119	0.356207	-0.087824	-0.081016	-0.085953	-0.075340	-0.088022	-0.093079	-0.084520	-0.088415	-0.079810	-0.092230	-0.243947	-0.259282	-0.248656	-0.251563	-0.254294	-0.254137	-0.254876	-0.255838	-0.273950	-0.270376	-0.268388	-0.271336	-0.270178	-0.273368	-0.273033	-0.277563	-0.276688	-0.272924	-0.272830	-0.270718	
0.353715	0.312193	0.292624	0.367081	0.297014	0.332271	0.296868	0.287056	0.260602	0.373803	0.366990	0.286155	0.363260	0.282232	0.356207	1.178391	-0.080069	-0.083435	-0.079600	-0.069699	-0.085812	-0.079134	-0.085093	-0.083672	-0.070737	-0.090233	-0.244226	-0.255135	-0.246319	-0.245387	-0.258285	-0.249979	-0.244925	-0.258292	-0.278226	-0.265715	-0.272810	-0.266045	-0.268915	-0.276004	-0.275242	-0.267520	-0.274898	-0.270629	-0.275113	-0.272261	
-0.087326	-0.085195	-0.078603	-0.083064	-0.082926	-0.082285	-0.086232	-0.088085	-0.080791	-0.091610	-0.081392	-0.082425	-0.079615	-0.074686	-0.087824	-0.080069	1.052737	0.631012	0.635198	0.612355	0.646863	0.562057	0.659438	0.650138	0.621722	0.637791	-0.257569	-0.263000	-0.264085	-0.255261	-0.258720	-0.259530	-0.256465	-0.266360	-0.283647	-0.279914	-0.283004	-0.279306	-0.283657	-0.280280	-0.279233	-0.278060	-0.280944	-0.276934	-0.281363	-0.280028	
-0.085823	-0.082389	-0.076607	-0.081407	-0.087044	-0.091114	-0.083203	-0.078302	-0.077070	-0.080679	-0.085489	-0.087182	-0.090223	-0.073787	-0.081016	-0.083435	0.631012	1.026985	0.633339	0.606521	0.641089	0.557267	0.651626	0.641692	0.627157	0.626821	-0.252303	-0.255919	-0.261646	-0.253965	-0.256217	-0.259219	-0.251787	-0.258095	-0.274386	-0.276722	-0.277945	-0.282397	-0.281826	-0.276125	-0.276292	-0.274851	-0.277217	-0.276838	-0.279760	-0.284718	
-0.086862	-0.087041	-0.081045	-0.081549	-0.085798	-0.082149	-0.086248	-0.091005	-0.074861	-0.075341	-0.080288	-0.085801	-0.084666	-0.078728	-0.085953	-0.079600	0.635198	0.633339	1.075802	0.604557	0.631097	0.543865	0.634228	0.641191	0.613505	0.622137	-0.253844	-0.263046	-0.260041	-0.259071	-0.263392	-0.260346	-0.257617	-0.253450	-0.277177	-0.275444	-0.279501	-0.282372	-0.274166	-0.275791	-0.272849	-0.267516	-0.280683	-0.277527	-0.277275	-0.279554	
-0.075286	-0.077123	-0.075727	-0.081421	-0.081465	-0.066854	-0.080363	-0.072994	-0.067656	-0.075615	-0.065883	-0.068534	-0.071435	-0.071792	-0.075340	-0.069699	0.612355	0.606521	0.604557	1.012836	0.600438	0.508392	0.623867	0.604386	0.615595	0.608725	-0.243891	-0.262531	-0.257609	-0.247088	-0.256879	-0.262599	-0.260561	-0.253318	-0.275765	-0.274896	-0.276607	-0.277239	-0.277099	-0.275361	-0.271516	-0.268929	-0.281094	-0.273208	-0.278662	-0.280681	
-0.082762	-0.076290	-0.086390	-0.085647	-0.093535	-0.087477	-0.088881	-0.083904	-0.080771	-0.079691	-0.080349	-0.079874	-0.087010	-0.073805	-0.088022	-0.085812	0.646863	0.641089	0.631097	0.600438	1.107085	0.550546	0.609251	0.658405	0.622708	0.648773	-0.261694	-0.263454	-0.260905	-0.252905	-0.264793	-0.266381	-0.260204	-0.263218	-0.279817	-0.282097	-0.281520	-0.285337	-0.280818	-0.280862	-0.279204	-0.273774	-0.284896	-0.283616	-0.284298	-0.281242	
-0.090931	-0.077678	-0.076612	-0.081375	-0.090428	-0.084615	-0.100252	-0.090805	-0.092061	-0.081511	-0.094327	-0.086003	-0.101114	-0.081598	-0.093079	-0.079134	0.562057	0.557267	0.543865	0.508392	0.550546	1.043509	0.563442	0.578617	0.559383	0.544430	-0.236878	-0.251265	-0.230763	-0.227752	-0.232329	-0.234903	-0.232445	-0.247000	-0.254914	-0.250066	-0.254465	-0.261656	-0.253753	-0.250045	-0.242768	-0.240897	-0.243317	-0.255372	-0.256566	-0.255784	
-0.089066	-0.085966	-0.083089	-0.084800	-0.087580	-0.088515	-0.090826	-0.085468	-0.077735	-0.082609	-0.081106	-0.081621	-0.088699	-0.078144	-0.084520	-0.085093	0.659438	0.651626	0.634228	0.623867	0.609251	0.563442	1.101823	0.639645	0.623877	0.634661	-0.259682	-0.261483	-0.264581	-0.256211	-0.264902	-0.259450	-0.258501	-0.266599	-0.287979	-0.280687	-0.281327	-0.286200	-0.285572	-0.281317	-0.275540	-0.276763	-0.284678	-0.284488	-0.287109	-0.290628	
-0.089763	-0.085966	-0.076253	-0.086178	-0.084478	-0.086971	-0.086973	-0.086743	-0.088163	-0.086995	-0.085886	-0.087663	-0.091094	-0.081312	-0.088415	-0.083672	0.650138	0.641692	0.641191	0.604386	0.658405	0.578617	0.639645	1.146312	0.641594	0.658509	-0.261250	-0.265339	-0.262642	-0.261756	-0.268367	-0.267531	-0.268858	-0.268178	-0.286337	-0.286168	-0.282587	-0.288330	-0.287505	-0.283995	-0.278765	-0.278657	-0.287830	-0.284017	-0.291341	-0.290413	
-0.080811	-0.073631	-0.068727	-0.076153	-0.074625	-0.073528	-0.076073	-0.074351	-0.073204	-0.083139	-0.069572	-0.073581	-0.074995	-0.071299	-0.079810	-0.070737	0.621722	0.627157	0.613505	0.615595	0.622708	0.559383	0.623877	0.641594	1.038006	0.624687	-0.262072	-0.270420	-0.264197	-0.255544	-0.265410	-0.267949	-0.260710	-0.264776	-0.281307	-0.278575	-0.281441	-0.285784	-0.281416	-0.284054	-0.279092	-0.273550	-0.276391	-0.281914	-0.284396	-0.286544	
-0.093938	-0.093158	-0.084598	-0.080863	-0.083874	-0.084629	-0.089758	-0.085895	-0.076193	-0.086999	-0.078211	-0.087607	-0.091443	-0.085248	-0.092230	-0.090233	0.637791	0.626821	0.622137	0.608725	0.648773	0.544430	0.634661	0.658509	0.624687	1.113326	-0.255566	-0.260010	-0.259324	-0.256882	-0.261559	-0.260524	-0.256380	-0.264053	-0.277883	-0.275013	-0.279946	-0.285230	-0.280564	-0.278079	-0.275497	-0.262810	-0.281107	-0.282895	-0.281611	-0.279619	
-0.251501	-0.245035	-0.237730	-0.250112	-0.242188	-0.230850	-0.246893	-0.249477	-0.236997	-0.249405	-0.249344	-0.231899	-0.247122	-0.234314	-0.243947	-0.244226	-0.257569	-0.252303	-0.253844	-0.243891	-0.261694	-0.236878	-0.259682	-0.261250	-0.262072	-0.255566	0.974203	0.432851	0.433242	0.421559	0.441732	0.429606	0.433663	0.437585	0.177853	0.168753	0.179285	0.186086	0.191300	0.186104	0.180254	0.173990	0.180647	0.182601	0.181360	0.190989	
-0.257255	-0.254107	-0.250155	-0.261676	-0.244050	-0.237831	-0.257152	-0.249271	-0.244663	-0.254270	-0.257129	-0.242320	-0.260191	-0.248847	-0.259282	-0.255135	-0.263000	-0.255919	-0.263046	-0.262531	-0.263454	-0.251265	-0.261483	-0.265339	-0.270420	-0.260010	0.432851	0.995987	0.448513	0.433638	0.446599	0.454121	0.444327	0.445025	0.188605	0.191754	0.192693	0.189636	0.198302	0.195091	0.191470	0.198991	0.192708	0.190088	0.190966	0.196608	
-0.257326	-0.239804	-0.245583	-0.253756	-0.242215	-0.235033	-0.254999	-0.248937	-0.236647	-0.252947	-0.254381	-0.238215	-0.263198	-0.248459	-0.248656	-0.246319	-0.264085	-0.261646	-0.260041	-0.257609	-0.260905	-0.230763	-0.264581	-0.262642	-0.264197	-0.259324	0.433242	0.448513	0.964293	0.407933	0.452107	0.453597	0.424162	0.433713	0.191579	0.180020	0.184863	0.198091	0.193025	0.198361	0.192943	0.182397	0.187300	0.189665	0.199384	0.197015	
-0.255717	-0.238305	-0.244258	-0.250135	-0.243248	-0.243306	-0.251554	-0.247723	-0.236391	-0.259317	-0.251635	-0.241101	-0.251952	-0.240491	-0.251563	-0.245387	-0.255261	-0.253965	-0.259071	-0.247088	-0.252905	-0.227752	-0.256211	-0.261756	-0.255544	-0.256882	0.421559	0.433638	0.407933	0.955932	0.428278	0.444678	0.422250	0.427528	0.188725	0.183523	0.186832	0.189135	0.191755	0.191689	0.176779	0.180674	0.189312	0.193763	0.192382	0.189028	
-0.260088	-0.243999	-0.251895	-0.255963	-0.247955	-0.244975	-0.258387	-0.250886	-0.245206	-0.262045	-0.260204	-0.251096	-0.257029	-0.242330	-0.254294	-0.258285	-0.258720	-0.256217	-0.263392	-0.256879	-0.264793	-0.232329	-0.264902	-0.268367	-0.265410	-0.261559	0.441732	0.446599	0.452107	0.428278	0.986161	0.455261	0.444450	0.458055	0.189066	0.176558	0.186256	0.193728	0.195142	0.199807	0.190197	0.185884	0.193644	0.193733	0.192274	0.194015	
-0.260016	-0.246673	-0.249109	-0.255217	-0.242586	-0.238551	-0.255771	-0.256120	-0.246411	-0.256895	-0.255391	-0.243307	-0.257903	-0.248579	-0.254137	-0.249979	-0.259530	-0.259219	-0.260346	-0.262599	-0.266381	-0.234903	-0.259450	-0.267531	-0.267949	-0.260524	0.429606	0.454121	0.453597	0.444678	0.455261	0.932582	0.441755	0.455264	0.189941	0.188995	0.186371	0.197463	0.201951	0.198137	0.187677	0.195153	0.193351	0.193942	0.194582	0.198887	
-0.263046	-0.248336	-0.244723	-0.258120	-0.248729	-0.242750	-0.255307	-0.256839	-0.247687	-0.260275	-0.261251	-0.246306	-0.258516	-0.243677	-0.254876	-0.244925	-0.256465	-0.251787	-0.257617	-0.260561	-0.260204	-0.232445	-0.258501	-0.268858	-0.260710	-0.256380	0.433663	0.444327	0.424162	0.422250	0.444450	0.441755	0.970533	0.422571	0.190766	0.197734	0.187761	0.201698	0.194946	0.195332	0.192918	0.185136	0.196122	0.197836	0.188628	0.195237	
-0.261658	-0.249816	-0.250254	-0.254162	-0.244902	-0.241529	-0.254111	-0.256593	-0.238866	-0.261766	-0.259318	-0.251222	-0.255532	-0.248089	-0.255838	-0.258292	-0.266360	-0.258095	-0.253450	-0.253318	-0.263218	-0.247000	-0.266599	-0.268178	-0.264776	-0.264053	0.437585	0.445025	0.433713	0.427528	0.458055	0.455264	0.422571	0.993715	0.197456	0.189278	0.194298	0.198718	0.197157	0.206328	0.183413	0.183855	0.194883	0.196146	0.198072	0.195903	
-0.271397	-0.272311	-0.266482	-0.276293	-0.261146	-0.255257	-0.268448	-0.274015	-0.261839	-0.277653	-0.272931	-0.266022	-0.278113	-0.266713	-0.273950	-0.278226	-0.283647	-0.274386	-0.277177	-0.275765	-0.279817	-0.254914	-0.287979	-0.286337	-0.281307	-0.277883	0.177853	0.188605	0.191579	0.188725	0.189066	0.189941	0.190766	0.197456	0.630709	0.432851	0.443760	0.452650	0.447616	0.456774	0.445767	0.419441	0.459590	0.447604	0.453145	0.460124	
-0.272862	-0.271466	-0.267602	-0.282177	-0.268053	-0.279539	-0.278060	-0.279681	-0.266620	-0.284521	-0.276231	-0.265963	-0.273601	-0.265899	-0.270376	-0.265715	-0.279914	-0.276722	-0.275444	-0.274896	-0.282097	-0.250066	-0.280687	-0.286168	-0.278575	-0.275013	0.168753	0.191754	0.180020	0.183523	0.176558	0.188995	0.197734	0.189278	0.432851	0.640142	0.429231	0.436153	0.431211	0.445893	0.428568	0.414376	0.452345	0.431583	0.438326	0.446521	
-0.273392	-0.277858	-0.268095	-0.268733	-0.266308	-0.264828	-0.273053	-0.273607	-0.264272	-0.272212	-0.277388	-0.262083	-0.277890	-0.266972	-0.268388	-0.272810	-0.283004	-0.277945	-0.279501	-0.276607	-0.281520	-0.254465	-0.281327	-0.282587	-0.281441	-0.279946	0.179285	0.192693	0.184863	0.186832	0.186256	0.186371	0.187761	0.194298	0.443760	0.429231	0.661094	0.447982	0.440445	0.441841	0.438850	0.416700	0.442279	0.439948	0.441704	0.445199	
-0.278972	-0.267194	-0.268229	-0.278652	-0.268433	-0.258579	-0.271034	-0.278307	-0.268318	-0.283814	-0.273222	-0.265097	-0.280028	-0.269618	-0.271336	-0.266045	-0.279306	-0.282397	-0.282372	-0.277239	-0.285337	-0.261656	-0.286200	-0.288330	-0.285784	-0.285230	0.186086	0.189636	0.198091	0.189135	0.193728	0.197463	0.201698	0.198718	0.452650	0.436153	0.447982	0.628271	0.450747	0.458402	0.447859	0.421711	0.453132	0.449133	0.457058	0.465066	
-0.277119	-0.266934	-0.276661	-0.273228	-0.265421	-0.262789	-0.272496	-0.276171	-0.263699	-0.272568	-0.267542	-0.260998	-0.276616	-0.266722	-0.270178	-0.268915	-0.283657	-0.281826	-0.274166	-0.277099	-0.280818	-0.253753	-0.285572	-0.287505	-0.281416	-0.280564	0.191300	0.198302	0.193025	0.191755	0.195142	0.201951	0.194946	0.197157	0.447616	0.431211	0.440445	0.450747	0.620305	0.457725	0.446327	0.417017	0.452532	0.449908	0.453324	0.466867	
-0.283033	-0.275253	-0.267047	-0.279264	-0.268750	-0.267893	-0.275419	-0.280229	-0.257307	-0.280596	-0.274609	-0.268104	-0.280747	-0.267592	-0.273368	-0.276004	-0.280280	-0.276125	-0.275791	-0.275361	-0.280862	-0.250045	-0.281317	-0.283995	-0.284054	-0.278079	0.186104	0.195091	0.198361	0.191689	0.199807	0.198137	0.195332	0.206328	0.456774	0.445893	0.441841	0.458402	0.457725	0.618052	0.443027	0.421661	0.457516	0.452482	0.456787	0.461311	
-0.282764	-0.264829	-0.269914	-0.278560	-0.265499	-0.257347	-0.273510	-0.272386	-0.272604	-0.277452	-0.271180	-0.269728	-0.279833	-0.273449	-0.273033	-0.275242	-0.279233	-0.276292	-0.272849	-0.271516	-0.279204	-0.242768	-0.275540	-0.278765	-0.279092	-0.275497	0.180254	0.191470	0.192943	0.176779	0.190197	0.187677	0.192918	0.183413	0.445767	0.428568	0.438850	0.447859	0.446327	0.443027	0.627556	0.420580	0.448013	0.448969	0.444794	0.449608	
-0.277648	-0.277323	-0.269710	-0.265069	-0.275946	-0.267408	-0.281328	-0.282221	-0.264668	-0.276917	-0.267671	-0.272857	-0.271671	-0.260333	-0.277563	-0.267520	-0.278060	-0.274851	-0.267516	-0.268929	-0.273774	-0.240897	-0.276763	-0.278657	-0.273550	-0.262810	0.173990	0.198991	0.182397	0.180674	0.185884	0.195153	0.185136	0.183855	0.419441	0.414376	0.416700	0.421711	0.417017	0.421661	0.420580	0.615931	0.426515	0.426993	0.406274	0.418840	
-0.279961	-0.275586	-0.268473	-0.276898	-0.269300	-0.267517	-0.277416	-0.275764	-0.264719	-0.276459	-0.273265	-0.268756	-0.276473	-0.267138	-0.276688	-0.274898	-0.280944	-0.277217	-0.280683	-0.281094	-0.284896	-0.243317	-0.284678	-0.287830	-0.276391	-0.281107	0.180647	0.192708	0.187300	0.189312	0.193644	0.193351	0.196122	0.194883	0.459590	0.452345	0.442279	0.453132	0.452532	0.457516	0.448013	0.426515	0.640072	0.453282	0.453170	0.456725	
-0.280912	-0.273572	-0.273790	-0.279960	-0.265519	-0.254442	-0.275362	-0.275280	-0.266522	-0.278062	-0.268030	-0.268469	-0.270159	-0.264262	-0.272924	-0.270629	-0.276934	-0.276838	-0.277527	-0.273208	-0.283616	-0.255372	-0.284488	-0.284017	-0.281914	-0.282895	0.182601	0.190088	0.189665	0.193763	0.193733	0.193942	0.197836	0.196146	0.447604	0.431583	0.439948	0.449133	0.449908	0.452482	0.448969	0.426993	0.453282	0.645831	0.442278	0.446198	
-0.278651	-0.270746	-0.264542	-0.277324	-0.269533	-0.252495	-0.273791	-0.275888	-0.263188	-0.282192	-0.274790	-0.268205	-0.280995	-0.266100	-0.272830	-0.275113	-0.281363	-0.279760	-0.277275	-0.278662	-0.284298	-0.256566	-0.287109	-0.291341	-0.284396	-0.281611	0.181360	0.190966	0.199384	0.192382	0.192274	0.194582	0.188628	0.198072	0.453145	0.438326	0.441704	0.457058	0.453324	0.456787	0.444794	0.406274	0.453170	0.442278	0.681353	0.468768	
-0.283183	-0.270453	-0.270346	-0.281903	-0.275025	-0.268930	-0.276506	-0.277106	-0.267352	-0.286005	-0.273857	-0.269212	-0.279049	-0.267652	-0.270718	-0.272261	-0.280028	-0.284718	-0.279554	-0.280681	-0.281242	-0.255784	-0.290628	-0.290413	-0.286544	-0.279619	0.190989	0.196608	0.197015	0.189028	0.194015	0.198887	0.195237	0.195903	0.460124	0.446521	0.445199	0.465066	0.466867	0.461311	0.449608	0.418840	0.456725	0.446198	0.468768	0.655169	
