0.000000	0.154839	0.154564	0.132267	0.154277	0.131427	0.154950	0.154823	0.155222	0.135455	0.131257	0.147483	0.133569	0.151083	0.132683	0.136584	0.290049	0.289128	0.289555	0.281591	0.290877	0.282922	0.291525	0.293436	0.286240	0.292948	0.352033	0.355631	0.356939	0.353069	0.358087	0.356530	0.356633	0.358168	0.358435	0.358003	0.358629	0.361864	0.358268	0.362806	0.360868	0.354903	0.360727	0.360683	0.363195	0.365429	
0.154839	0.000000	0.151420	0.156282	0.145205	0.149197	0.153709	0.152318	0.151919	0.152946	0.149871	0.148829	0.149512	0.152627	0.150573	0.148042	0.289799	0.288573	0.289448	0.282908	0.288317	0.279388	0.290672	0.291061	0.283741	0.291027	0.349020	0.355554	0.348420	0.348672	0.352227	0.351893	0.351492	0.353399	0.357917	0.358457	0.358825	0.357974	0.355976	0.359541	0.355537	0.357784	0.360237	0.357137	0.359353	0.361135	
0.154564	0.151420	0.000000	0.151622	0.146144	0.144175	0.149276	0.149200	0.152028	0.151545	0.148400	0.144258	0.155504	0.145949	0.148933	0.154064	0.285191	0.284344	0.286015	0.279910	0.290094	0.277755	0.286324	0.286585	0.280582	0.286912	0.343095	0.349035	0.348208	0.346800	0.352791	0.350786	0.345210	0.350842	0.351935	0.353691	0.351983	0.354045	0.356234	0.354081	0.352531	0.352039	0.353681	0.355277	0.354652	0.358578	
0.132267	0.156282	0.151622	0.000000	0.153814	0.133832	0.158463	0.156962	0.152679	0.134215	0.128863	0.150744	0.134431	0.155696	0.132189	0.135133	0.288727	0.287014	0.287133	0.283971	0.289470	0.281626	0.289909	0.292193	0.284402	0.287711	0.350773	0.356994	0.353978	0.351997	0.356770	0.354412	0.356084	0.354486	0.359583	0.361524	0.354947	0.361194	0.357390	0.360925	0.358465	0.349507	0.359516	0.359984	0.362023	0.365179	
0.154277	0.145205	0.146144	0.153814	0.000000	0.152943	0.152386	0.145990	0.151432	0.152864	0.151155	0.146232	0.153557	0.149281	0.152662	0.151851	0.287973	0.289083	0.288498	0.282235	0.291777	0.283407	0.289478	0.289265	0.283177	0.287985	0.344030	0.346746	0.345969	0.345511	0.349393	0.347338	0.347844	0.348182	0.350433	0.351116	0.349683	0.354205	0.350990	0.353247	0.350059	0.353746	0.354404	0.351082	0.355848	0.358488	
0.131427	0.149197	0.144175	0.133832	0.152943	0.000000	0.155841	0.156194	0.154642	0.136675	0.127491	0.149750	0.131834	0.156611	0.127375	0.132742	0.284059	0.284908	0.281890	0.274556	0.286515	0.270094	0.286393	0.285496	0.278445	0.282511	0.334924	0.339609	0.339165	0.339642	0.344324	0.342127	0.341598	0.342411	0.344138	0.354939	0.347564	0.346891	0.346418	0.349154	0.343191	0.347329	0.348826	0.342073	0.347216	0.353237	
0.154950	0.153709	0.149276	0.158463	0.152386	0.155841	0.000000	0.153162	0.153365	0.157128	0.153970	0.147180	0.158346	0.154931	0.155093	0.156493	0.292811	0.290771	0.292718	0.285373	0.295130	0.296260	0.295164	0.295497	0.288420	0.293622	0.351382	0.358355	0.355626	0.353437	0.359607	0.357744	0.355990	0.356290	0.357834	0.360515	0.358577	0.359780	0.358971	0.360708	0.358524	0.361886	0.361254	0.359339	0.361734	0.364551	
0.154823	0.152318	0.149200	0.156962	0.145990	0.156194	0.153162	0.000000	0.150358	0.154040	0.151152	0.148184	0.153863	0.147397	0.155602	0.156913	0.291283	0.288593	0.293358	0.281771	0.291730	0.287224	0.292895	0.294520	0.285936	0.290989	0.352673	0.354603	0.353535	0.350736	0.355856	0.355610	0.355065	0.356583	0.358659	0.360812	0.357939	0.362075	0.359013	0.361736	0.357523	0.359494	0.359532	0.358582	0.362018	0.363443	
0.155222	0.151919	0.152028	0.152679	0.151432	0.154642	0.153365	0.150358	0.000000	0.156566	0.152265	0.146163	0.157205	0.148991	0.155081	0.161890	0.283606	0.282989	0.283375	0.276972	0.286232	0.284987	0.284103	0.288717	0.280752	0.281821	0.341598	0.346114	0.344529	0.342401	0.348741	0.346825	0.347822	0.346160	0.350663	0.351444	0.350367	0.353169	0.349400	0.349198	0.354108	0.348736	0.352424	0.351297	0.352875	0.355911	
0.135455	0.152946	0.151545	0.134215	0.152864	0.136675	0.157128	0.154040	0.156566	0.000000	0.130438	0.153590	0.132209	0.156170	0.132596	0.133841	0.289907	0.286306	0.286192	0.280659	0.288858	0.278813	0.289308	0.290747	0.286347	0.289179	0.350500	0.353939	0.351647	0.354262	0.357919	0.354454	0.354753	0.356960	0.358817	0.363098	0.357431	0.363396	0.356481	0.361625	0.358513	0.356246	0.359677	0.359298	0.363303	0.365870	
0.131257	0.149871	0.148400	0.128863	0.151155	0.127491	0.153970	0.151152	0.152265	0.130438	0.000000	0.146299	0.126457	0.151391	0.130242	0.132197	0.283824	0.286284	0.284141	0.275671	0.287360	0.283165	0.286247	0.289541	0.279390	0.283682	0.350279	0.354537	0.351999	0.350040	0.356465	0.352749	0.354142	0.356416	0.355361	0.356029	0.355830	0.356486	0.353636	0.356682	0.352758	0.348861	0.355289	0.352194	0.357753	0.359632	
0.147483	0.148829	0.144258	0.150744	0.146232	0.149750	0.147180	0.148184	0.146163	0.153590	0.146299	0.000000	0.150375	0.147240	0.147653	0.152850	0.286310	0.286359	0.285970	0.275854	0.286253	0.278407	0.286538	0.289773	0.280482	0.286891	0.341380	0.347755	0.345560	0.346501	0.351029	0.347491	0.347589	0.350934	0.352035	0.352344	0.351119	0.352343	0.350538	0.354724	0.353693	0.353098	0.353416	0.352615	0.355795	0.357742	
0.133569	0.149512	0.155504	0.134431	0.153557	0.131834	0.158346	0.153863	0.157205	0.132209	0.126457	0.150375	0.000000	0.154743	0.127576	0.135271	0.285609	0.289581	0.287082	0.279152	0.289941	0.289437	0.290407	0.293043	0.284240	0.290337	0.349851	0.356809	0.357078	0.351397	0.356240	0.355395	0.353993	0.355130	0.359406	0.358516	0.358515	0.362301	0.357974	0.361218	0.358365	0.352674	0.358969	0.355603	0.363287	0.363544	
0.151083	0.152627	0.145949	0.155696	0.149281	0.156611	0.154931	0.147397	0.148991	0.156170	0.151391	0.147240	0.154743	0.000000	0.148433	0.156901	0.283653	0.282731	0.284094	0.278635	0.284694	0.278355	0.285357	0.287833	0.281024	0.287226	0.342602	0.349857	0.348832	0.344892	0.348054	0.349051	0.346813	0.349247	0.352559	0.352676	0.353041	0.354177	0.351473	0.353692	0.354093	0.345331	0.353379	0.350896	0.354834	0.356010	
0.132683	0.150573	0.148933	0.132189	0.152662	0.127375	0.155093	0.155602	0.155081	0.132596	0.130242	0.147653	0.127576	0.148433	0.000000	0.135503	0.287790	0.285566	0.286835	0.278643	0.289748	0.282358	0.287592	0.290906	0.284107	0.289575	0.345535	0.354145	0.348521	0.348893	0.353473	0.351231	0.351377	0.352750	0.356497	0.355248	0.352764	0.356142	0.354022	0.356266	0.353625	0.355611	0.357769	0.354738	0.357963	0.358574	
0.136584	0.148042	0.154064	0.135133	0.151851	0.132742	0.156493	0.156913	0.161890	0.133841	0.132197	0.152850	0.135271	0.156901	0.135503	0.000000	0.287470	0.287093	0.286393	0.279720	0.290833	0.282826	0.288975	0.290757	0.282026	0.290713	0.348158	0.354573	0.350170	0.350272	0.357003	0.351708	0.350577	0.356992	0.359288	0.354315	0.356774	0.354439	0.354558	0.358121	0.356005	0.354246	0.357540	0.354724	0.359473	0.359800	
0.290049	0.289799	0.285191	0.288727	0.287973	0.284059	0.292811	0.291283	0.283606	0.289907	0.283824	0.286310	0.285609	0.283653	0.287790	0.287470	0.000000	0.069987	0.072720	0.070289	0.072415	0.078288	0.067874	0.073102	0.070741	0.071898	0.358612	0.362794	0.362370	0.358003	0.362942	0.361198	0.358485	0.364130	0.366764	0.363700	0.366103	0.366410	0.365815	0.366255	0.363835	0.360584	0.366861	0.362917	0.368089	0.368832	
0.289128	0.288573	0.284344	0.287014	0.289083	0.284908	0.290771	0.288593	0.282989	0.286306	0.286284	0.286359	0.289581	0.282731	0.285566	0.287093	0.069987	0.000000	0.071166	0.068504	0.071837	0.078721	0.068976	0.073011	0.069060	0.073655	0.355606	0.359427	0.360658	0.356538	0.360865	0.360959	0.356221	0.360720	0.363555	0.361402	0.362706	0.366947	0.364313	0.363853	0.362119	0.356982	0.364439	0.362255	0.366991	0.369284	
0.289555	0.289448	0.286015	0.287133	0.288498	0.281890	0.292718	0.293358	0.283375	0.286192	0.284141	0.285970	0.287082	0.284094	0.286835	0.286393	0.072720	0.071166	0.000000	0.072773	0.073380	0.084426	0.074188	0.076315	0.074493	0.077386	0.356751	0.362334	0.360731	0.358677	0.363114	0.361095	0.359027	0.359188	0.363281	0.361125	0.364531	0.367927	0.362063	0.364499	0.360745	0.355593	0.365316	0.362303	0.366430	0.367679	
0.281591	0.282908	0.279910	0.283971	0.282235	0.274556	0.285373	0.281771	0.276972	0.280659	0.275671	0.275854	0.279152	0.278635	0.278643	0.279720	0.070289	0.068504	0.072773	0.000000	0.075162	0.080406	0.069242	0.075183	0.068843	0.071429	0.351211	0.359468	0.357656	0.351536	0.358294	0.359191	0.356922	0.356331	0.362005	0.358350	0.361197	0.361845	0.359976	0.361126	0.358201	0.350970	0.362660	0.357407	0.364090	0.366088	
0.290877	0.288317	0.290094	0.289470	0.291777	0.286515	0.295130	0.291730	0.286232	0.288858	0.287360	0.286253	0.289941	0.284694	0.289748	0.290833	0.072415	0.071837	0.073380	0.075162	0.000000	0.087016	0.079419	0.073046	0.074503	0.072589	0.360635	0.364294	0.362845	0.358585	0.366590	0.364939	0.361326	0.364156	0.366103	0.365449	0.366413	0.369272	0.365108	0.367469	0.365032	0.360915	0.368704	0.366239	0.370577	0.370631	
0.282922	0.279388	0.277755	0.281626	0.283407	0.270094	0.296260	0.287224	0.284987	0.278813	0.283165	0.278407	0.289437	0.278355	0.282358	0.282826	0.078288	0.078721	0.084426	0.080406	0.087016	0.000000	0.078261	0.079335	0.078584	0.082789	0.338564	0.348636	0.340139	0.338312	0.340716	0.338281	0.340468	0.343329	0.342920	0.336701	0.341982	0.347017	0.342519	0.341777	0.334446	0.329695	0.340798	0.341785	0.345936	0.346970	
0.291525	0.290672	0.286324	0.289909	0.289478	0.286393	0.295164	0.292895	0.284103	0.289308	0.286247	0.286538	0.290407	0.285357	0.287592	0.288975	0.067874	0.068976	0.074188	0.069242	0.079419	0.078261	0.000000	0.076386	0.073167	0.073334	0.360778	0.363081	0.363428	0.359342	0.365289	0.362011	0.360225	0.364280	0.369474	0.365353	0.365532	0.369815	0.367610	0.367114	0.361996	0.359177	0.368277	0.365959	0.371678	0.374232	
0.293436	0.291061	0.286585	0.292193	0.289265	0.285496	0.295497	0.294520	0.288717	0.290747	0.289541	0.289773	0.293043	0.287833	0.290906	0.290757	0.073102	0.073011	0.076315	0.075183	0.073046	0.079335	0.076386	0.000000	0.071568	0.072414	0.361938	0.366382	0.363715	0.361882	0.368266	0.365931	0.365242	0.366627	0.369777	0.368110	0.367737	0.372067	0.369522	0.369234	0.365010	0.363104	0.370889	0.366943	0.373972	0.374826	
0.286240	0.283741	0.280582	0.284402	0.283177	0.278445	0.288420	0.285936	0.280752	0.286347	0.279390	0.280482	0.284240	0.281024	0.284107	0.282026	0.070741	0.069060	0.074493	0.068843	0.074503	0.078584	0.073167	0.071568	0.000000	0.073558	0.359015	0.365210	0.361704	0.356781	0.364046	0.363464	0.359860	0.363360	0.364951	0.362572	0.365256	0.367992	0.364509	0.367032	0.362141	0.355367	0.364896	0.363936	0.368769	0.370937	
0.292948	0.291027	0.286912	0.287711	0.287985	0.282511	0.293622	0.290989	0.281821	0.289179	0.283682	0.286891	0.290337	0.287226	0.289575	0.290713	0.071898	0.073655	0.077386	0.071429	0.072589	0.082789	0.073334	0.072414	0.073558	0.000000	0.356379	0.360888	0.359904	0.358840	0.362688	0.360336	0.357557	0.362366	0.363691	0.361504	0.364010	0.368268	0.364735	0.365331	0.360242	0.354493	0.365707	0.364353	0.367967	0.368436	
0.352033	0.349020	0.343095	0.350773	0.344030	0.334924	0.351382	0.352673	0.341598	0.350500	0.350279	0.341380	0.349851	0.342602	0.345535	0.348158	0.358612	0.355606	0.356751	0.351211	0.360635	0.338564	0.360778	0.361938	0.359015	0.356379	0.000000	0.088356	0.087833	0.089703	0.088856	0.086242	0.086473	0.090031	0.144222	0.144466	0.142441	0.141603	0.138920	0.141663	0.140705	0.137089	0.143658	0.141241	0.145268	0.143108	
0.355631	0.355554	0.349035	0.356994	0.346746	0.339609	0.358355	0.354603	0.346114	0.353939	0.354537	0.347755	0.356809	0.349857	0.354145	0.354573	0.362794	0.359427	0.362334	0.359468	0.364294	0.348636	0.363081	0.366382	0.365210	0.360888	0.088356	0.000000	0.085576	0.089423	0.087219	0.082842	0.085338	0.086400	0.140772	0.137635	0.137258	0.141378	0.137892	0.138887	0.137497	0.131081	0.140014	0.139381	0.142776	0.141999	
0.356939	0.348420	0.348208	0.353978	0.345969	0.339165	0.355626	0.353535	0.344529	0.351647	0.351999	0.345560	0.357078	0.348832	0.348521	0.350170	0.362370	0.360658	0.360731	0.357656	0.362845	0.340139	0.363428	0.363715	0.361704	0.359904	0.087833	0.085576	0.000000	0.095208	0.085539	0.083520	0.087960	0.089735	0.139763	0.141415	0.139549	0.138145	0.138659	0.137514	0.137211	0.133572	0.141726	0.138606	0.140670	0.141952	
0.353069	0.348672	0.346800	0.351997	0.345511	0.339642	0.353437	0.350736	0.342401	0.354262	0.350040	0.346501	0.351397	0.344892	0.348893	0.350272	0.358003	0.356538	0.358677	0.351536	0.358585	0.338312	0.359342	0.361882	0.356781	0.358840	0.089703	0.089423	0.095208	0.000000	0.093467	0.087567	0.088361	0.090241	0.140424	0.140628	0.140029	0.140305	0.138177	0.138947	0.143548	0.135413	0.140077	0.136430	0.140608	0.143729	
0.358087	0.352227	0.352791	0.356770	0.349393	0.344324	0.359607	0.355856	0.348741	0.357919	0.356465	0.351029	0.356240	0.348054	0.353473	0.357003	0.362942	0.360865	0.363114	0.358294	0.366590	0.340716	0.365289	0.368266	0.364046	0.362688	0.088856	0.087219	0.085539	0.093467	0.000000	0.083883	0.087422	0.087291	0.142421	0.144297	0.141850	0.141069	0.139687	0.139320	0.140381	0.135700	0.141038	0.138959	0.143284	0.144444	
0.356530	0.351893	0.350786	0.354412	0.347338	0.342127	0.357744	0.355610	0.346825	0.354454	0.352749	0.347491	0.355395	0.349051	0.351231	0.351708	0.361198	0.360959	0.361095	0.359191	0.364939	0.338281	0.362011	0.365931	0.363464	0.360336	0.086242	0.082842	0.083520	0.087567	0.083883	0.000000	0.083146	0.083771	0.140727	0.137433	0.140339	0.138227	0.134842	0.137863	0.138985	0.130487	0.139102	0.136499	0.140721	0.140860	
0.356633	0.351492	0.345210	0.356084	0.347844	0.341598	0.355990	0.355065	0.347822	0.354753	0.354142	0.347589	0.353993	0.346813	0.351377	0.350577	0.358485	0.356221	0.359027	0.356922	0.361326	0.340468	0.360225	0.365242	0.359860	0.357557	0.086473	0.085338	0.087960	0.088361	0.087422	0.083146	0.000000	0.088811	0.138197	0.136415	0.138217	0.136930	0.136057	0.137089	0.135598	0.133577	0.137427	0.135619	0.142173	0.140107	
0.358168	0.353399	0.350842	0.354486	0.348182	0.342411	0.356290	0.356583	0.346160	0.356960	0.356416	0.350934	0.355130	0.349247	0.352750	0.356992	0.364130	0.360720	0.359188	0.356331	0.364156	0.343329	0.364280	0.366627	0.363360	0.362366	0.090031	0.086400	0.089735	0.090241	0.087291	0.083771	0.088811	0.000000	0.138390	0.140774	0.138140	0.138633	0.138372	0.135572	0.141915	0.135443	0.139444	0.136686	0.140606	0.142628	
0.358435	0.357917	0.351935	0.359583	0.350433	0.344138	0.357834	0.358659	0.350663	0.358817	0.355361	0.352035	0.359406	0.352559	0.356497	0.359288	0.366764	0.363555	0.363281	0.362005	0.366103	0.342920	0.369474	0.369777	0.364951	0.363691	0.144222	0.140772	0.139763	0.140424	0.142421	0.140727	0.138197	0.138390	0.000000	0.044603	0.042306	0.041960	0.042480	0.041373	0.042896	0.041490	0.038538	0.041608	0.045047	0.044311	
0.358003	0.358457	0.353691	0.361524	0.351116	0.354939	0.360515	0.360812	0.351444	0.363098	0.356029	0.352344	0.358516	0.352676	0.355248	0.354315	0.363700	0.361402	0.361125	0.358350	0.365449	0.336701	0.365353	0.368110	0.362572	0.361504	0.144466	0.137635	0.141415	0.140628	0.144297	0.137433	0.136415	0.140774	0.044603	0.000000	0.044432	0.043348	0.043002	0.040440	0.043446	0.043501	0.038619	0.042310	0.046240	0.042954	
0.358629	0.358825	0.351983	0.354947	0.349683	0.347564	0.358577	0.357939	0.350367	0.357431	0.355830	0.351119	0.358515	0.353041	0.352764	0.356774	0.366103	0.362706	0.364531	0.361197	0.366413	0.341982	0.365532	0.367737	0.365256	0.364010	0.142441	0.137258	0.139549	0.140029	0.141850	0.140339	0.138217	0.138140	0.042306	0.044432	0.000000	0.041556	0.042355	0.042949	0.042396	0.043577	0.043729	0.043378	0.045688	0.045440	
0.361864	0.357974	0.354045	0.361194	0.354205	0.346891	0.359780	0.362075	0.353169	0.363396	0.356486	0.352343	0.362301	0.354177	0.356142	0.354439	0.366410	0.366947	0.367927	0.361845	0.369272	0.347017	0.369815	0.372067	0.367992	0.368268	0.141603	0.141378	0.138145	0.140305	0.141069	0.138227	0.136930	0.138633	0.041960	0.043348	0.041556	0.000000	0.041257	0.040217	0.041663	0.043190	0.039942	0.040684	0.042175	0.041164	
0.358268	0.355976	0.356234	0.357390	0.350990	0.346418	0.358971	0.359013	0.349400	0.356481	0.353636	0.350538	0.357974	0.351473	0.354022	0.354558	0.365815	0.364313	0.362063	0.359976	0.365108	0.342519	0.367610	0.369522	0.364509	0.364735	0.138920	0.137892	0.138659	0.138177	0.139687	0.134842	0.136057	0.138372	0.042480	0.043002	0.042355	0.041257	0.000000	0.039844	0.040241	0.042045	0.039985	0.038942	0.043263	0.041021	
0.362806	0.359541	0.354081	0.360925	0.353247	0.349154	0.360708	0.361736	0.349198	0.361625	0.356682	0.354724	0.361218	0.353692	0.356266	0.358121	0.366255	0.363853	0.364499	0.361126	0.367469	0.341777	0.367114	0.369234	0.367032	0.365331	0.141663	0.138887	0.137514	0.138947	0.139320	0.137863	0.137089	0.135572	0.041373	0.040440	0.042949	0.040217	0.039844	0.000000	0.042828	0.041791	0.040476	0.040650	0.043873	0.044260	
0.360868	0.355537	0.352531	0.358465	0.350059	0.343191	0.358524	0.357523	0.354108	0.358513	0.352758	0.353693	0.358365	0.354093	0.353625	0.356005	0.363835	0.362119	0.360745	0.358201	0.365032	0.334446	0.361996	0.365010	0.362141	0.360242	0.140705	0.137497	0.137211	0.143548	0.140381	0.138985	0.135598	0.141915	0.042896	0.043446	0.042396	0.041663	0.040241	0.042828	0.000000	0.040465	0.041564	0.040061	0.044980	0.043830	
0.354903	0.357784	0.352039	0.349507	0.353746	0.347329	0.361886	0.359494	0.348736	0.356246	0.348861	0.353098	0.352674	0.345331	0.355611	0.354246	0.360584	0.356982	0.355593	0.350970	0.360915	0.329695	0.359177	0.363104	0.355367	0.354493	0.137089	0.131081	0.133572	0.135413	0.135700	0.130487	0.133577	0.135443	0.041490	0.043501	0.043577	0.043190	0.042045	0.041791	0.040465	0.000000	0.041254	0.040518	0.048595	0.044567	
0.360727	0.360237	0.353681	0.359516	0.354404	0.348826	0.361254	0.359532	0.352424	0.359677	0.355289	0.353416	0.358969	0.353379	0.357769	0.357540	0.366861	0.364439	0.365316	0.362660	0.368704	0.340798	0.368277	0.370889	0.364896	0.365707	0.143658	0.140014	0.141726	0.140077	0.141038	0.139102	0.137427	0.139444	0.038538	0.038619	0.043729	0.039942	0.039985	0.040476	0.041564	0.041254	0.000000	0.041404	0.043650	0.043359	
0.360683	0.357137	0.355277	0.359984	0.351082	0.342073	0.359339	0.358582	0.351297	0.359298	0.352194	0.352615	0.355603	0.350896	0.354738	0.354724	0.362917	0.362255	0.362303	0.357407	0.366239	0.341785	0.365959	0.366943	0.363936	0.364353	0.141241	0.139381	0.138606	0.136430	0.138959	0.136499	0.135619	0.136686	0.041608	0.042310	0.043378	0.040684	0.038942	0.040650	0.040061	0.040518	0.041404	0.000000	0.046738	0.045244	
0.363195	0.359353	0.354652	0.362023	0.355848	0.347216	0.361734	0.362018	0.352875	0.363303	0.357753	0.355795	0.363287	0.354834	0.357963	0.359473	0.368089	0.366991	0.366430	0.364090	0.370577	0.345936	0.371678	0.373972	0.368769	0.367967	0.145268	0.142776	0.140670	0.140608	0.143284	0.140721	0.142173	0.140606	0.045047	0.046240	0.045688	0.042175	0.043263	0.043873	0.044980	0.048595	0.043650	0.046738	0.000000	0.043909	
0.365429	0.361135	0.358578	0.365179	0.358488	0.353237	0.364551	0.363443	0.355911	0.365870	0.359632	0.357742	0.363544	0.356010	0.358574	0.359800	0.368832	0.369284	0.367679	0.366088	0.370631	0.346970	0.374232	0.374826	0.370937	0.368436	0.143108	0.141999	0.141952	0.143729	0.144444	0.140860	0.140107	0.142628	0.044311	0.042954	0.045440	0.041164	0.041021	0.044260	0.043830	0.044567	0.043359	0.045244	0.043909	0.000000	
