1.212001	0.065523	0.058705	0.055223	0.081064	0.061952	0.069820	-0.054588	-0.052095	-0.050531	-0.049442	-0.055749	-0.052013	-0.048754	-0.048261	-0.045438	-0.053640	-0.051706	-0.048365	-0.066398	-0.061823	-0.059938	-0.060190	-0.059481	-0.067088	-0.066340	-0.099967	-0.103436	-0.102742	-0.102853	-0.098828	-0.099059	
0.065523	1.314895	0.062649	0.063309	0.074532	0.061646	0.074596	-0.058332	-0.051458	-0.046695	-0.053499	-0.051126	-0.052025	-0.053029	-0.048891	-0.048018	-0.051740	-0.058659	-0.053827	-0.071652	-0.066478	-0.068558	-0.068345	-0.073834	-0.068154	-0.067562	-0.111875	-0.111720	-0.109447	-0.108984	-0.108644	-0.113422	
0.058705	0.062649	1.339699	0.062298	0.069820	0.072935	0.082043	-0.056941	-0.051357	-0.051249	-0.047156	-0.059596	-0.049938	-0.060422	-0.055627	-0.057125	-0.057634	-0.051488	-0.048753	-0.072008	-0.081759	-0.080025	-0.070871	-0.073881	-0.066349	-0.073875	-0.109984	-0.113635	-0.104291	-0.101704	-0.104087	-0.104504	
0.055223	0.063309	0.062298	1.365376	0.085146	0.054799	0.063233	-0.057131	-0.048926	-0.048832	-0.046069	-0.051604	-0.049362	-0.050944	-0.050919	-0.062265	-0.057206	-0.053282	-0.048982	-0.084155	-0.072492	-0.075234	-0.074389	-0.087831	-0.082255	-0.077133	-0.104757	-0.110192	-0.106620	-0.096069	-0.104833	-0.101270	
0.081064	0.074532	0.069820	0.085146	1.272814	0.075521	0.070545	-0.056283	-0.062301	-0.055136	-0.061245	-0.059254	-0.055410	-0.058094	-0.055547	-0.055112	-0.061589	-0.049097	-0.057603	-0.076335	-0.071927	-0.073422	-0.067446	-0.062647	-0.072231	-0.065768	-0.099579	-0.103518	-0.101388	-0.099091	-0.101274	-0.101014	
0.061952	0.061646	0.072935	0.054799	0.075521	1.360586	0.068574	-0.052840	-0.058217	-0.050013	-0.055902	-0.046242	-0.055074	-0.055825	-0.052707	-0.052910	-0.056205	-0.051862	-0.055193	-0.075093	-0.081082	-0.076479	-0.068656	-0.079750	-0.076915	-0.070706	-0.110486	-0.108068	-0.104617	-0.106561	-0.106338	-0.108678	
0.069820	0.074596	0.082043	0.063233	0.070545	0.068574	1.351754	-0.054822	-0.054961	-0.054084	-0.055900	-0.052117	-0.048507	-0.056582	-0.049641	-0.061983	-0.057581	-0.052577	-0.053213	-0.080126	-0.078519	-0.069832	-0.075239	-0.071863	-0.079771	-0.065664	-0.117867	-0.112825	-0.112306	-0.107269	-0.108600	-0.109220	
-0.054588	-0.058332	-0.056941	-0.057131	-0.056283	-0.052840	-0.054822	0.741236	0.097979	0.091201	0.086881	0.096691	0.101716	0.098351	0.086952	0.087890	0.098087	0.083006	0.092458	-0.099883	-0.102122	-0.099214	-0.089065	-0.102353	-0.091093	-0.103642	-0.123621	-0.120998	-0.120340	-0.121708	-0.118938	-0.122818	
-0.052095	-0.051458	-0.051357	-0.048926	-0.062301	-0.058217	-0.054961	0.097979	0.761034	0.087422	0.098377	0.094849	0.098282	0.100950	0.088975	0.090997	0.105351	0.087938	0.103113	-0.104724	-0.110387	-0.108970	-0.103976	-0.106553	-0.098208	-0.104916	-0.125007	-0.124446	-0.123651	-0.123657	-0.122572	-0.124853	
-0.050531	-0.046695	-0.051249	-0.048832	-0.055136	-0.050013	-0.054084	0.091201	0.087422	0.753489	0.092518	0.085779	0.090705	0.081979	0.080563	0.089588	0.090101	0.087116	0.092249	-0.097576	-0.102666	-0.100081	-0.088663	-0.094583	-0.095604	-0.100593	-0.122390	-0.123446	-0.121640	-0.122475	-0.120925	-0.123309	
-0.049442	-0.053499	-0.047156	-0.046069	-0.061245	-0.055902	-0.055900	0.086881	0.098377	0.092518	0.726327	0.092266	0.088194	0.090919	0.086301	0.093287	0.095705	0.077477	0.088275	-0.092932	-0.095359	-0.099921	-0.093673	-0.097580	-0.095751	-0.095566	-0.120198	-0.119763	-0.119204	-0.122890	-0.118274	-0.120279	
-0.055749	-0.051126	-0.059596	-0.051604	-0.059254	-0.046242	-0.052117	0.096691	0.094849	0.085779	0.092266	0.782800	0.098253	0.088609	0.096318	0.096214	0.091406	0.087306	0.100041	-0.101266	-0.105219	-0.107049	-0.098551	-0.106068	-0.106994	-0.108611	-0.126004	-0.122715	-0.125038	-0.122967	-0.125171	-0.125528	
-0.052013	-0.052025	-0.049938	-0.049362	-0.055410	-0.055074	-0.048507	0.101716	0.098282	0.090705	0.088194	0.098253	0.737908	0.086026	0.086971	0.089901	0.095473	0.078296	0.095879	-0.102668	-0.098026	-0.099344	-0.095268	-0.103194	-0.101929	-0.098945	-0.120755	-0.121334	-0.125969	-0.124480	-0.119336	-0.120466	
-0.048754	-0.053029	-0.060422	-0.050944	-0.058094	-0.055825	-0.056582	0.098351	0.100950	0.081979	0.090919	0.088609	0.086026	0.819560	0.090031	0.089755	0.086843	0.088560	0.092881	-0.108650	-0.104503	-0.103748	-0.103805	-0.104207	-0.096386	-0.103640	-0.125027	-0.126654	-0.124876	-0.123762	-0.123679	-0.128627	
-0.048261	-0.048891	-0.055627	-0.050919	-0.055547	-0.052707	-0.049641	0.086952	0.088975	0.080563	0.086301	0.096318	0.086971	0.090031	0.754730	0.097760	0.091651	0.081634	0.088495	-0.100114	-0.097364	-0.096774	-0.097312	-0.102276	-0.099271	-0.103097	-0.121575	-0.118071	-0.119569	-0.119779	-0.117850	-0.120590	
-0.045438	-0.048018	-0.057125	-0.062265	-0.055112	-0.052910	-0.061983	0.087890	0.090997	0.089588	0.093287	0.096214	0.089901	0.089755	0.097760	0.711945	0.081658	0.087014	0.098774	-0.091589	-0.098398	-0.096478	-0.090882	-0.100709	-0.094388	-0.095874	-0.117358	-0.120031	-0.118524	-0.118970	-0.115028	-0.121150	
-0.053640	-0.051740	-0.057634	-0.057206	-0.061589	-0.056205	-0.057581	0.098087	0.105351	0.090101	0.095705	0.091406	0.095473	0.086843	0.091651	0.081658	0.772132	0.086570	0.093323	-0.103076	-0.104322	-0.103132	-0.101607	-0.102451	-0.101902	-0.101057	-0.119731	-0.120092	-0.122779	-0.122346	-0.118373	-0.118540	
-0.051706	-0.058659	-0.051488	-0.053282	-0.049097	-0.051862	-0.052577	0.083006	0.087938	0.087116	0.077477	0.087306	0.078296	0.088560	0.081634	0.087014	0.086570	0.781595	0.090003	-0.099599	-0.104288	-0.098456	-0.096916	-0.103241	-0.095820	-0.100746	-0.111869	-0.120250	-0.119069	-0.121036	-0.115910	-0.113793	
-0.048365	-0.053827	-0.048753	-0.048982	-0.057603	-0.055193	-0.053213	0.092458	0.103113	0.092249	0.088275	0.100041	0.095879	0.092881	0.088495	0.098774	0.093323	0.090003	0.757487	-0.100049	-0.106538	-0.098696	-0.096732	-0.106522	-0.100553	-0.102672	-0.121165	-0.127630	-0.131129	-0.129396	-0.123689	-0.129230	
-0.066398	-0.071652	-0.072008	-0.084155	-0.076335	-0.075093	-0.080126	-0.099883	-0.104724	-0.097576	-0.092932	-0.101266	-0.102668	-0.108650	-0.100114	-0.091589	-0.103076	-0.099599	-0.100049	1.283338	0.105650	0.098393	0.113783	0.121019	0.101160	0.099519	-0.046776	-0.039861	-0.043814	-0.042972	-0.035068	-0.040142	
-0.061823	-0.066478	-0.081759	-0.072492	-0.071927	-0.081082	-0.078519	-0.102122	-0.110387	-0.102666	-0.095359	-0.105219	-0.098026	-0.104503	-0.097364	-0.098398	-0.104322	-0.104288	-0.106538	0.105650	1.326743	0.108714	0.104184	0.105487	0.092285	0.107195	-0.049721	-0.041923	-0.040394	-0.040017	-0.044542	-0.044737	
-0.059938	-0.068558	-0.080025	-0.075234	-0.073422	-0.076479	-0.069832	-0.099214	-0.108970	-0.100081	-0.099921	-0.107049	-0.099344	-0.103748	-0.096774	-0.096478	-0.103132	-0.098456	-0.098696	0.098393	0.108714	1.208347	0.114913	0.104367	0.152802	0.107882	-0.043111	-0.036056	-0.041091	-0.037106	-0.031448	-0.037542	
-0.060190	-0.068345	-0.070871	-0.074389	-0.067446	-0.068656	-0.075239	-0.089065	-0.103976	-0.088663	-0.093673	-0.098551	-0.095268	-0.103805	-0.097312	-0.090882	-0.101607	-0.096916	-0.096732	0.113783	0.104184	0.114913	1.169508	0.111296	0.094803	0.106491	-0.041267	-0.034697	-0.038554	-0.039792	-0.034381	-0.034543	
-0.059481	-0.073834	-0.073881	-0.087831	-0.062647	-0.079750	-0.071863	-0.102353	-0.106553	-0.094583	-0.097580	-0.106068	-0.103194	-0.104207	-0.102276	-0.100709	-0.102451	-0.103241	-0.106522	0.121019	0.105487	0.104367	0.111296	1.265500	0.097478	0.110333	-0.042009	-0.039366	-0.034054	-0.040427	-0.033065	-0.040981	
-0.067088	-0.068154	-0.066349	-0.082255	-0.072231	-0.076915	-0.079771	-0.091093	-0.098208	-0.095604	-0.095751	-0.106994	-0.101929	-0.096386	-0.099271	-0.094388	-0.101902	-0.095820	-0.100553	0.101160	0.092285	0.152802	0.094803	0.097478	1.236375	0.099307	-0.037466	-0.044989	-0.045747	-0.036297	-0.041525	-0.034348	
-0.066340	-0.067562	-0.073875	-0.077133	-0.065768	-0.070706	-0.065664	-0.103642	-0.104916	-0.100593	-0.095566	-0.108611	-0.098945	-0.103640	-0.103097	-0.095874	-0.101057	-0.100746	-0.102672	0.099519	0.107195	0.107882	0.106491	0.110333	0.099307	1.260815	-0.041304	-0.037216	-0.041416	-0.040063	-0.037897	-0.038942	
-0.099967	-0.111875	-0.109984	-0.104757	-0.099579	-0.110486	-0.117867	-0.123621	-0.125007	-0.122390	-0.120198	-0.126004	-0.120755	-0.125027	-0.121575	-0.117358	-0.119731	-0.111869	-0.121165	-0.046776	-0.049721	-0.043111	-0.041267	-0.042009	-0.037466	-0.041304	0.844209	0.353614	0.316564	0.316818	0.336188	0.328203	
-0.103436	-0.111720	-0.113635	-0.110192	-0.103518	-0.108068	-0.112825	-0.120998	-0.124446	-0.123446	-0.119763	-0.122715	-0.121334	-0.126654	-0.118071	-0.120031	-0.120092	-0.120250	-0.127630	-0.039861	-0.041923	-0.036056	-0.034697	-0.039366	-0.044989	-0.037216	0.353614	0.810665	0.336784	0.329081	0.340325	0.335771	
-0.102742	-0.109447	-0.104291	-0.106620	-0.101388	-0.104617	-0.112306	-0.120340	-0.123651	-0.121640	-0.119204	-0.125038	-0.125969	-0.124876	-0.119569	-0.118524	-0.122779	-0.119069	-0.131129	-0.043814	-0.040394	-0.041091	-0.038554	-0.034054	-0.045747	-0.041416	0.316564	0.336784	0.846049	0.333656	0.324466	0.321981	
-0.102853	-0.108984	-0.101704	-0.096069	-0.099091	-0.106561	-0.107269	-0.121708	-0.123657	-0.122475	-0.122890	-0.122967	-0.124480	-0.123762	-0.119779	-0.118970	-0.122346	-0.121036	-0.129396	-0.042972	-0.040017	-0.037106	-0.039792	-0.040427	-0.036297	-0.040063	0.316818	0.329081	0.333656	0.820229	0.323880	0.315696	
-0.098828	-0.108644	-0.104087	-0.104833	-0.101274	-0.106338	-0.108600	-0.118938	-0.122572	-0.120925	-0.118274	-0.125171	-0.119336	-0.123679	-0.117850	-0.115028	-0.118373	-0.115910	-0.123689	-0.035068	-0.044542	-0.031448	-0.034381	-0.033065	-0.041525	-0.037897	0.336188	0.340325	0.324466	0.323880	0.774725	0.331101	
-0.099059	-0.113422	-0.104504	-0.101270	-0.101014	-0.108678	-0.109220	-0.122818	-0.124853	-0.123309	-0.120279	-0.125528	-0.120466	-0.128627	-0.120590	-0.121150	-0.118540	-0.113793	-0.129230	-0.040142	-0.044737	-0.037542	-0.034543	-0.040981	-0.034348	-0.038942	0.328203	0.335771	0.321981	0.315696	0.331101	0.839982	
