0.000000	0.142650	0.143251	0.145639	0.141550	0.144264	0.143444	0.156439	0.157856	0.153326	0.155565	0.160837	0.154352	0.161901	0.156815	0.154750	0.159664	0.156181	0.157292	0.169749	0.172453	0.171302	0.168039	0.171945	0.173586	0.171645	0.176907	0.177732	0.177570	0.177009	0.178260	0.178694	
0.142650	0.000000	0.146908	0.142863	0.144877	0.145356	0.146186	0.158324	0.159873	0.153482	0.155340	0.159668	0.155115	0.164601	0.158409	0.157054	0.158962	0.158911	0.158579	0.171707	0.173072	0.171727	0.169738	0.176292	0.174770	0.173263	0.179887	0.180221	0.179065	0.178693	0.178922	0.179251	
0.143251	0.146908	0.000000	0.142314	0.145642	0.146497	0.146143	0.157524	0.160578	0.154786	0.157722	0.162930	0.156687	0.166443	0.159583	0.159112	0.160170	0.157950	0.159909	0.176759	0.178685	0.177127	0.173326	0.177540	0.177570	0.176078	0.181120	0.180501	0.181393	0.177399	0.181569	0.181225	
0.145639	0.142863	0.142314	0.000000	0.144302	0.148416	0.143460	0.156835	0.158625	0.155136	0.153890	0.159693	0.152525	0.162473	0.154450	0.156547	0.158337	0.156194	0.155864	0.173968	0.173596	0.175711	0.170301	0.175713	0.174162	0.172495	0.176308	0.177674	0.177416	0.172632	0.177016	0.176306	
0.141550	0.144877	0.145642	0.144302	0.000000	0.146622	0.146308	0.159327	0.161924	0.158229	0.159195	0.164621	0.158776	0.166053	0.160553	0.159523	0.163565	0.156850	0.161052	0.175876	0.177267	0.175888	0.173036	0.175675	0.177281	0.175166	0.178119	0.178631	0.177686	0.175932	0.177522	0.178466	
0.144264	0.145356	0.146497	0.148416	0.146622	0.000000	0.146139	0.158953	0.161427	0.157132	0.158403	0.162400	0.156303	0.163833	0.158455	0.158451	0.160718	0.158503	0.159802	0.176075	0.176897	0.176544	0.171793	0.178517	0.179106	0.176488	0.179541	0.178799	0.178519	0.175904	0.177676	0.178498	
0.143444	0.146186	0.146143	0.143460	0.146308	0.146139	0.000000	0.158547	0.160943	0.158362	0.158993	0.161891	0.153799	0.163957	0.157879	0.156314	0.160020	0.159501	0.158979	0.174845	0.174844	0.174236	0.172889	0.176159	0.177334	0.175409	0.182067	0.182369	0.181407	0.178912	0.181275	0.182421	
0.156439	0.158324	0.157524	0.156835	0.159327	0.158953	0.158547	0.000000	0.104724	0.103931	0.103001	0.107020	0.103360	0.106223	0.104654	0.103868	0.103538	0.106268	0.103682	0.171479	0.172577	0.170454	0.167787	0.173922	0.172958	0.172699	0.174524	0.176958	0.175651	0.173670	0.174518	0.177364	
0.157856	0.159873	0.160578	0.158625	0.161924	0.161427	0.160943	0.104724	0.000000	0.103025	0.101527	0.104315	0.100209	0.106021	0.101593	0.101260	0.104287	0.101644	0.099445	0.173710	0.174668	0.174777	0.171941	0.174856	0.176365	0.175010	0.177350	0.177803	0.175913	0.176365	0.176963	0.178171	
0.153326	0.153482	0.154786	0.155136	0.158229	0.157132	0.158362	0.103931	0.103025	0.000000	0.101040	0.106931	0.102229	0.107484	0.105438	0.101303	0.101927	0.103835	0.103144	0.168127	0.171006	0.168725	0.165321	0.171226	0.172446	0.169922	0.172825	0.175488	0.174889	0.174046	0.173482	0.175864	
0.155565	0.155340	0.157722	0.153890	0.159195	0.158403	0.158993	0.103001	0.101527	0.101040	0.000000	0.104869	0.102439	0.107175	0.104409	0.100955	0.103118	0.104369	0.104572	0.169505	0.171603	0.170588	0.167159	0.170947	0.171866	0.169538	0.172856	0.174080	0.173016	0.172190	0.172807	0.175359	
0.160837	0.159668	0.162930	0.159693	0.164621	0.162400	0.161891	0.107020	0.104315	0.106931	0.104869	0.000000	0.103332	0.110819	0.104091	0.106530	0.106344	0.108936	0.105863	0.175797	0.174923	0.174081	0.171156	0.177845	0.177503	0.176677	0.178801	0.178596	0.178100	0.176744	0.178241	0.179346	
0.154352	0.155115	0.156687	0.152525	0.158776	0.156303	0.153799	0.103360	0.100209	0.102229	0.102439	0.103332	0.000000	0.106752	0.101663	0.102229	0.101888	0.105060	0.102255	0.170530	0.168291	0.167380	0.165539	0.170091	0.172150	0.171471	0.173445	0.174323	0.173777	0.172476	0.173097	0.175104	
0.161901	0.164601	0.166443	0.162473	0.166053	0.163833	0.163957	0.106223	0.106021	0.107484	0.107175	0.110819	0.106752	0.000000	0.109438	0.105417	0.109716	0.107258	0.109982	0.178587	0.176922	0.175902	0.173486	0.177833	0.177883	0.175951	0.179150	0.180961	0.179911	0.178389	0.179439	0.182074	
0.156815	0.158409	0.159583	0.154450	0.160553	0.158455	0.157879	0.104654	0.101593	0.105438	0.104409	0.104091	0.101663	0.109438	0.000000	0.101260	0.103560	0.104865	0.105024	0.173090	0.171452	0.169940	0.168519	0.173476	0.174334	0.173965	0.174358	0.174184	0.175187	0.173314	0.174020	0.176377	
0.154750	0.157054	0.159112	0.156547	0.159523	0.158451	0.156314	0.103868	0.101260	0.101303	0.100955	0.106530	0.102229	0.105417	0.101260	0.000000	0.102331	0.103237	0.101156	0.171969	0.169721	0.169492	0.165018	0.173667	0.171226	0.169957	0.173344	0.175167	0.172695	0.171138	0.172472	0.175889	
0.159664	0.158962	0.160170	0.158337	0.163565	0.160718	0.160020	0.103538	0.104287	0.101927	0.103118	0.106344	0.101888	0.109716	0.103560	0.102331	0.000000	0.106167	0.104829	0.172714	0.173665	0.171013	0.170864	0.174954	0.175145	0.174194	0.176497	0.177399	0.175877	0.174754	0.175367	0.177558	
0.156181	0.158911	0.157950	0.156194	0.156850	0.158503	0.159501	0.106268	0.101644	0.103835	0.104369	0.108936	0.105060	0.107258	0.104865	0.103237	0.106167	0.000000	0.105614	0.170814	0.171294	0.168608	0.167024	0.172716	0.169699	0.170502	0.170926	0.171421	0.172442	0.168844	0.170844	0.171782	
0.157292	0.158579	0.159909	0.155864	0.161052	0.159802	0.158979	0.103682	0.099445	0.103144	0.104572	0.105863	0.102255	0.109982	0.105024	0.101156	0.104829	0.105614	0.000000	0.172917	0.173867	0.172677	0.167400	0.174371	0.175168	0.172504	0.175627	0.178036	0.177202	0.174661	0.175965	0.178860	
0.169749	0.171707	0.176759	0.173968	0.175876	0.176075	0.174845	0.171479	0.173710	0.168127	0.169505	0.175797	0.170530	0.178587	0.173090	0.171969	0.172714	0.170814	0.172917	0.000000	0.133320	0.133723	0.128782	0.133667	0.136864	0.133074	0.156667	0.156027	0.156488	0.154321	0.153322	0.155577	
0.172453	0.173072	0.178685	0.173596	0.177267	0.176897	0.174844	0.172577	0.174668	0.171006	0.171603	0.174923	0.168291	0.176922	0.171452	0.169721	0.173665	0.171294	0.173867	0.133320	0.000000	0.130961	0.126413	0.133587	0.134884	0.132917	0.155175	0.154286	0.154137	0.151106	0.152865	0.154610	
0.171302	0.171727	0.177127	0.175711	0.175888	0.176544	0.174236	0.170454	0.174777	0.168725	0.170588	0.174081	0.167380	0.175902	0.169940	0.169492	0.171013	0.168608	0.172677	0.133723	0.130961	0.000000	0.129188	0.135447	0.127942	0.131195	0.155315	0.155558	0.155865	0.153991	0.153175	0.155579	
0.168039	0.169738	0.173326	0.170301	0.173036	0.171793	0.172889	0.167787	0.171941	0.165321	0.167159	0.171156	0.165539	0.173486	0.168519	0.165018	0.170864	0.167024	0.167400	0.128782	0.126413	0.129188	0.000000	0.127760	0.133381	0.130549	0.151329	0.150293	0.150114	0.149160	0.149582	0.151900	
0.171945	0.176292	0.177540	0.175713	0.175675	0.178517	0.176159	0.173922	0.174856	0.171226	0.170947	0.177845	0.170091	0.177833	0.173476	0.173667	0.174954	0.172716	0.174371	0.133667	0.133587	0.135447	0.127760	0.000000	0.138778	0.132229	0.155412	0.155239	0.155019	0.153593	0.154138	0.156492	
0.173586	0.174770	0.177570	0.174162	0.177281	0.179106	0.177334	0.172958	0.176365	0.172446	0.171866	0.177503	0.172150	0.177883	0.174334	0.171226	0.175145	0.169699	0.175168	0.136864	0.134884	0.127942	0.133381	0.138778	0.000000	0.135504	0.156507	0.157211	0.156990	0.153175	0.154452	0.156685	
0.171645	0.173263	0.176078	0.172495	0.175166	0.176488	0.175409	0.172699	0.175010	0.169922	0.169538	0.176677	0.171471	0.175951	0.173965	0.169957	0.174194	0.170502	0.172504	0.133074	0.132917	0.131195	0.130549	0.132229	0.135504	0.000000	0.155459	0.155309	0.155704	0.154446	0.154632	0.155819	
0.176907	0.179887	0.181120	0.176308	0.178119	0.179541	0.182067	0.174524	0.177350	0.172825	0.172856	0.178801	0.173445	0.179150	0.174358	0.173344	0.176497	0.170926	0.175627	0.156667	0.155175	0.155315	0.151329	0.155412	0.156507	0.155459	0.000000	0.051450	0.054650	0.053750	0.052147	0.053939	
0.177732	0.180221	0.180501	0.177674	0.178631	0.178799	0.182369	0.176958	0.177803	0.175488	0.174080	0.178596	0.174323	0.180961	0.174184	0.175167	0.177399	0.171421	0.178036	0.156027	0.154286	0.155558	0.150293	0.155239	0.157211	0.155309	0.051450	0.000000	0.052659	0.052376	0.050455	0.053394	
0.177570	0.179065	0.181393	0.177416	0.177686	0.178519	0.181407	0.175651	0.175913	0.174889	0.173016	0.178100	0.173777	0.179911	0.175187	0.172695	0.175877	0.172442	0.177202	0.156488	0.154137	0.155865	0.150114	0.155019	0.156990	0.155704	0.054650	0.052659	0.000000	0.054358	0.052761	0.054680	
0.177009	0.178693	0.177399	0.172632	0.175932	0.175904	0.178912	0.173670	0.176365	0.174046	0.172190	0.176744	0.172476	0.178389	0.173314	0.171138	0.174754	0.168844	0.174661	0.154321	0.151106	0.153991	0.149160	0.153593	0.153175	0.154446	0.053750	0.052376	0.054358	0.000000	0.052025	0.053830	
0.178260	0.178922	0.181569	0.177016	0.177522	0.177676	0.181275	0.174518	0.176963	0.173482	0.172807	0.178241	0.173097	0.179439	0.174020	0.172472	0.175367	0.170844	0.175965	0.153322	0.152865	0.153175	0.149582	0.154138	0.154452	0.154632	0.052147	0.050455	0.052761	0.052025	0.000000	0.052900	
0.178694	0.179251	0.181225	0.176306	0.178466	0.178498	0.182421	0.177364	0.178171	0.175864	0.175359	0.179346	0.175104	0.182074	0.176377	0.175889	0.177558	0.171782	0.178860	0.155577	0.154610	0.155579	0.151900	0.156492	0.156685	0.155819	0.053939	0.053394	0.054680	0.053830	0.052900	0.000000	
