1.237107	0.075375	0.077708	0.062218	0.082155	0.066573	0.073326	-0.051496	-0.053754	-0.046972	-0.048778	-0.055903	-0.048635	-0.053294	-0.051357	-0.047862	-0.058646	-0.055832	-0.052306	-0.060397	-0.070192	-0.069831	-0.066483	-0.064818	-0.070577	-0.068125	-0.102850	-0.102140	-0.106034	-0.109185	-0.108243	-0.106692	
0.075375	1.268485	0.059436	0.077440	0.078390	0.067520	0.067122	-0.053504	-0.056376	-0.040472	-0.045471	-0.051584	-0.048017	-0.058713	-0.053223	-0.052549	-0.050160	-0.058962	-0.054236	-0.063355	-0.070810	-0.062771	-0.068148	-0.075713	-0.069123	-0.067992	-0.111020	-0.109208	-0.107780	-0.111227	-0.105856	-0.103809	
0.077708	0.059436	1.356909	0.074313	0.071924	0.071174	0.075498	-0.048202	-0.055263	-0.045307	-0.052306	-0.060213	-0.052863	-0.064464	-0.052493	-0.057869	-0.053051	-0.050433	-0.053809	-0.078445	-0.084911	-0.081078	-0.076538	-0.074203	-0.071785	-0.074927	-0.108875	-0.106624	-0.112310	-0.108032	-0.111660	-0.108017	
0.062218	0.077440	0.074313	1.323462	0.072271	0.055506	0.069524	-0.049888	-0.056872	-0.054574	-0.044910	-0.057014	-0.043054	-0.059882	-0.046853	-0.059671	-0.055166	-0.058007	-0.052445	-0.074481	-0.073169	-0.084341	-0.069344	-0.076326	-0.075354	-0.067862	-0.110079	-0.107532	-0.105452	-0.094537	-0.107440	-0.103748	
0.082155	0.078390	0.071924	0.072271	1.292795	0.074441	0.073059	-0.053253	-0.059064	-0.056808	-0.057846	-0.061459	-0.055718	-0.061679	-0.057435	-0.058056	-0.063448	-0.049539	-0.053501	-0.076029	-0.079138	-0.077442	-0.070891	-0.066531	-0.071098	-0.071482	-0.100959	-0.101816	-0.099973	-0.100414	-0.097601	-0.099424	
0.066573	0.067520	0.071174	0.055506	0.074441	1.331192	0.069303	-0.054186	-0.058468	-0.050910	-0.051731	-0.053089	-0.048321	-0.055661	-0.050683	-0.057887	-0.053711	-0.054899	-0.054168	-0.073229	-0.077685	-0.078239	-0.069385	-0.079537	-0.084360	-0.074435	-0.107890	-0.101092	-0.104964	-0.102278	-0.100798	-0.098627	
0.073326	0.067122	0.075498	0.069524	0.073059	0.069303	1.295634	-0.051938	-0.053016	-0.056308	-0.053690	-0.048650	-0.044235	-0.054161	-0.047843	-0.047329	-0.051311	-0.058166	-0.051724	-0.069308	-0.073406	-0.067743	-0.070352	-0.071472	-0.075276	-0.070462	-0.112933	-0.110861	-0.111120	-0.112158	-0.110253	-0.108531	
-0.051496	-0.053504	-0.048202	-0.049888	-0.053253	-0.054186	-0.051938	0.742120	0.091542	0.085103	0.090776	0.090501	0.090201	0.100472	0.088941	0.085900	0.096982	0.084207	0.098291	-0.097587	-0.102032	-0.094099	-0.093352	-0.100222	-0.099608	-0.099523	-0.121964	-0.125726	-0.124366	-0.122166	-0.119993	-0.126213	
-0.053754	-0.056376	-0.055263	-0.056872	-0.059064	-0.058468	-0.053016	0.091542	0.755238	0.091173	0.093318	0.102395	0.099522	0.099888	0.100869	0.099370	0.093216	0.097686	0.115341	-0.103147	-0.106803	-0.106224	-0.105304	-0.102992	-0.107474	-0.105817	-0.126735	-0.124858	-0.123017	-0.126581	-0.126551	-0.127494	
-0.046972	-0.040472	-0.045307	-0.054574	-0.056808	-0.050910	-0.056308	0.085103	0.091173	0.745074	0.092327	0.083764	0.087753	0.087378	0.078242	0.094192	0.098237	0.085837	0.089835	-0.093232	-0.100461	-0.094878	-0.089497	-0.097843	-0.100994	-0.096358	-0.118941	-0.124453	-0.125682	-0.127390	-0.121320	-0.125762	
-0.048778	-0.045471	-0.052306	-0.044910	-0.057846	-0.051731	-0.053690	0.090776	0.093318	0.092327	0.732450	0.089886	0.086625	0.087726	0.081996	0.092878	0.092968	0.085772	0.086196	-0.097039	-0.101367	-0.100008	-0.094593	-0.093772	-0.099925	-0.094429	-0.118481	-0.120140	-0.119805	-0.121579	-0.117990	-0.122414	
-0.055903	-0.051584	-0.060213	-0.057014	-0.061459	-0.053089	-0.048650	0.090501	0.102395	0.083764	0.089886	0.804094	0.095188	0.090157	0.100164	0.086798	0.096116	0.081129	0.096112	-0.104199	-0.101506	-0.101033	-0.096416	-0.105729	-0.107477	-0.105305	-0.128919	-0.124367	-0.125532	-0.125528	-0.125332	-0.125982	
-0.048635	-0.048017	-0.052863	-0.043054	-0.055718	-0.048321	-0.044235	0.090201	0.099522	0.087753	0.086625	0.095188	0.714360	0.089878	0.091146	0.086932	0.095020	0.079118	0.092987	-0.099345	-0.093744	-0.091039	-0.092100	-0.094126	-0.102904	-0.101325	-0.123792	-0.122468	-0.123257	-0.123025	-0.122308	-0.123618	
-0.053294	-0.058713	-0.064464	-0.059882	-0.061679	-0.055661	-0.054161	0.100472	0.099888	0.087378	0.087726	0.090157	0.089878	0.850177	0.084291	0.093598	0.087799	0.092482	0.083307	-0.107835	-0.102963	-0.103399	-0.101823	-0.102328	-0.103649	-0.099898	-0.127045	-0.128507	-0.127055	-0.126683	-0.125865	-0.130998	
-0.051357	-0.053223	-0.052493	-0.046853	-0.057435	-0.050683	-0.047843	0.088941	0.100869	0.078242	0.081996	0.100164	0.091146	0.084291	0.751515	0.097678	0.092817	0.081842	0.086643	-0.102364	-0.096909	-0.094812	-0.093937	-0.098866	-0.105128	-0.103060	-0.122313	-0.116903	-0.123633	-0.121039	-0.119572	-0.122394	
-0.047862	-0.052549	-0.057869	-0.059671	-0.058056	-0.057887	-0.047329	0.085900	0.099370	0.094192	0.092878	0.086798	0.086932	0.093598	0.097678	0.739762	0.091962	0.087109	0.098455	-0.102825	-0.097093	-0.097505	-0.091222	-0.104057	-0.096896	-0.097667	-0.122882	-0.125612	-0.121684	-0.119038	-0.119078	-0.125577	
-0.058646	-0.050160	-0.053051	-0.055166	-0.063448	-0.053711	-0.051311	0.096982	0.093216	0.098237	0.092968	0.096116	0.095020	0.087799	0.092817	0.091962	0.767174	0.085060	0.094512	-0.100108	-0.104048	-0.096153	-0.099780	-0.102024	-0.099770	-0.103183	-0.124768	-0.125991	-0.124467	-0.125064	-0.121322	-0.125490	
-0.055832	-0.058962	-0.050433	-0.058007	-0.049539	-0.054899	-0.058166	0.084207	0.097686	0.085837	0.085772	0.081129	0.079118	0.092482	0.081842	0.087109	0.085060	0.764455	0.085947	-0.099880	-0.103692	-0.096024	-0.095766	-0.101187	-0.091933	-0.096518	-0.115811	-0.114852	-0.120488	-0.114637	-0.114837	-0.111655	
-0.052306	-0.054236	-0.053809	-0.052445	-0.053501	-0.054168	-0.051724	0.098291	0.115341	0.089835	0.086196	0.096112	0.092987	0.083307	0.086643	0.098455	0.094512	0.085947	0.767023	-0.102425	-0.105944	-0.102178	-0.093007	-0.103132	-0.107105	-0.099509	-0.123519	-0.128394	-0.127142	-0.124839	-0.124887	-0.127972	
-0.060397	-0.063355	-0.078445	-0.074481	-0.076029	-0.073229	-0.069308	-0.097587	-0.103147	-0.093232	-0.097039	-0.104199	-0.099345	-0.107835	-0.102364	-0.102825	-0.100108	-0.099880	-0.102425	1.290948	0.101183	0.095576	0.106112	0.113110	0.092474	0.104555	-0.049348	-0.041454	-0.044954	-0.044387	-0.034349	-0.039305	
-0.070192	-0.070810	-0.084911	-0.073169	-0.079138	-0.077685	-0.073406	-0.102032	-0.106803	-0.100461	-0.101367	-0.101506	-0.093744	-0.102963	-0.096909	-0.097093	-0.104048	-0.103692	-0.105944	0.101183	1.271213	0.111350	0.124990	0.109153	0.096396	0.107167	-0.041789	-0.035959	-0.037571	-0.036706	-0.036878	-0.038174	
-0.069831	-0.062771	-0.081078	-0.084341	-0.077442	-0.078239	-0.067743	-0.094099	-0.106224	-0.094878	-0.100008	-0.101033	-0.091039	-0.103399	-0.094812	-0.097505	-0.096153	-0.096024	-0.102178	0.095576	0.111350	1.227456	0.111263	0.094465	0.146493	0.111336	-0.041424	-0.040967	-0.044795	-0.045502	-0.034609	-0.041617	
-0.066483	-0.068148	-0.076538	-0.069344	-0.070891	-0.069385	-0.070352	-0.093352	-0.105304	-0.089497	-0.094593	-0.096416	-0.092100	-0.101823	-0.093937	-0.091222	-0.099780	-0.095766	-0.093007	0.106112	0.124990	0.111263	1.136360	0.117639	0.087123	0.108975	-0.039394	-0.031359	-0.031145	-0.037637	-0.030894	-0.033209	
-0.064818	-0.075713	-0.074203	-0.076326	-0.066531	-0.079537	-0.071472	-0.100222	-0.102992	-0.097843	-0.093772	-0.105729	-0.094126	-0.102328	-0.098866	-0.104057	-0.102024	-0.101187	-0.103132	0.113110	0.109153	0.094465	0.117639	1.256351	0.081386	0.108947	-0.037869	-0.036265	-0.034967	-0.037208	-0.032870	-0.039621	
-0.070577	-0.069123	-0.071785	-0.075354	-0.071098	-0.084360	-0.075276	-0.099608	-0.107474	-0.100994	-0.099925	-0.107477	-0.102904	-0.103649	-0.105128	-0.096896	-0.099770	-0.091933	-0.107105	0.092474	0.096396	0.146493	0.087123	0.081386	1.314094	0.106114	-0.037337	-0.044912	-0.041777	-0.042188	-0.036442	-0.039482	
-0.068125	-0.067992	-0.074927	-0.067862	-0.071482	-0.074435	-0.070462	-0.099523	-0.105817	-0.096358	-0.094429	-0.105305	-0.101325	-0.099898	-0.103060	-0.097667	-0.103183	-0.096518	-0.099509	0.104555	0.107167	0.111336	0.108975	0.108947	0.106114	1.248460	-0.044787	-0.039229	-0.041714	-0.044721	-0.037433	-0.040177	
-0.102850	-0.111020	-0.108875	-0.110079	-0.100959	-0.107890	-0.112933	-0.121964	-0.126735	-0.118941	-0.118481	-0.128919	-0.123792	-0.127045	-0.122313	-0.122882	-0.124768	-0.115811	-0.123519	-0.049348	-0.041789	-0.041424	-0.039394	-0.037869	-0.037337	-0.044787	0.856148	0.343063	0.323949	0.319092	0.328152	0.335514	
-0.102140	-0.109208	-0.106624	-0.107532	-0.101816	-0.101092	-0.110861	-0.125726	-0.124858	-0.124453	-0.120140	-0.124367	-0.122468	-0.128507	-0.116903	-0.125612	-0.125991	-0.114852	-0.128394	-0.041454	-0.035959	-0.040967	-0.031359	-0.036265	-0.044912	-0.039229	0.343063	0.816122	0.331812	0.324103	0.345069	0.334166	
-0.106034	-0.107780	-0.112310	-0.105452	-0.099973	-0.104964	-0.111120	-0.124366	-0.123017	-0.125682	-0.119805	-0.125532	-0.123257	-0.127055	-0.123633	-0.121684	-0.124467	-0.120488	-0.127142	-0.044954	-0.037571	-0.044795	-0.031145	-0.034967	-0.041777	-0.041714	0.323949	0.331812	0.861720	0.322473	0.325973	0.325106	
-0.109185	-0.111227	-0.108032	-0.094537	-0.100414	-0.102278	-0.112158	-0.122166	-0.126581	-0.127390	-0.121579	-0.125528	-0.123025	-0.126683	-0.121039	-0.119038	-0.125064	-0.114637	-0.124839	-0.044387	-0.036706	-0.045502	-0.037637	-0.037208	-0.042188	-0.044721	0.319092	0.324103	0.322473	0.858560	0.325151	0.320551	
-0.108243	-0.105856	-0.111660	-0.107440	-0.097601	-0.100798	-0.110253	-0.119993	-0.126551	-0.121320	-0.117990	-0.125332	-0.122308	-0.125865	-0.119572	-0.119078	-0.121322	-0.114837	-0.124887	-0.034349	-0.036878	-0.034609	-0.030894	-0.032870	-0.036442	-0.037433	0.328152	0.345069	0.325973	0.325151	0.787150	0.332603	
-0.106692	-0.103809	-0.108017	-0.103748	-0.099424	-0.098627	-0.108531	-0.126213	-0.127494	-0.125762	-0.122414	-0.125982	-0.123618	-0.130998	-0.122394	-0.125577	-0.125490	-0.111655	-0.127972	-0.039305	-0.038174	-0.041617	-0.033209	-0.039621	-0.039482	-0.040177	0.335514	0.334166	0.325106	0.320551	0.332603	0.842805	
